
1
0.6547916946341458
[0, 3]
[54.55890280	 0.11816725	 0.00000000	]
[[0.53849010	 -2.43715133	 0.98338698	 0.53849010	]
 [-2.43715133	 40.38326289	 -20.65460630	 -2.43715133	]
 [0.98338698	 -20.65460630	 11.50906058	 0.98338698	]
 [0.53849010	 -2.43715133	 0.98338698	 0.53849010	]]
[[0.00000000	 0.18413092	 0.12545885	 0.00000000	]
 [0.18413092	 0.00000000	 0.61356908	 0.18413092	]
 [0.12545885	 0.61356908	 0.00000000	 0.12545885	]
 [0.00000000	 0.18413092	 0.12545885	 0.00000000	]]
0.42427097797284746
[[0.29911147	 0.00000000	]
 [-0.26631371	 0.00000000	]
 [-0.59877243	 0.00000000	]
 [0.29279745	 0.75436155	]]

ANS:
0.42427097797284746
w:
[0.00000000      1.34126861     ]
A:
[[0.00000000     0.00000000      0.00000000     ]
 [0.72215205     -0.00156408     -0.00000000    ]]







1
2.6135587794205093
[0, 3]
[0.36733181	 0.00000000	 0.00000000	]
[[1.34042221	 0.09046149	 0.64709975	 1.34042221	]
 [0.09046149	 1.89473411	 0.26242117	 0.09046149	]
 [0.64709975	 0.26242117	 2.90447382	 0.64709975	]
 [1.34042221	 0.09046149	 0.64709975	 1.34042221	]]
[[0.00000000	 0.01310535	 0.14359210	 0.00000000	]
 [0.01310535	 0.00000000	 0.24345743	 0.01310535	]
 [0.14359210	 0.24345743	 0.00000000	 0.14359210	]
 [0.00000000	 0.01310535	 0.14359210	 0.00000000	]]
0.33460617457079134
[[1.14227135	 0.00000000	]
 [0.52311999	 0.00000000	]
 [1.38412199	 0.00000000	]
 [1.20988967	 1.07225266	]]

ANS:
0.33460617457079134
w:
[0.00000000      3.43605667     ]
A:
[[0.00000000     0.00000000      0.00000000     ]
 [0.15977487     0.00000000      0.00000000     ]]







1
8.732519019191312
[0, 3]
[1.29086931	 0.00000000	 0.00000000	]
[[15.12251814	 7.09630186	 -8.48093423	 15.12251814	]
 [7.09630186	 3.85863601	 -3.93181530	 7.09630186	]
 [-8.48093423	 -3.93181530	 5.12748226	 -8.48093423	]
 [15.12251814	 7.09630186	 -8.48093423	 15.12251814	]]
[[0.00000000	 0.02211828	 0.09924984	 0.00000000	]
 [0.02211828	 0.00000000	 0.02766143	 0.02211828	]
 [0.09924984	 0.02766143	 0.00000000	 0.09924984	]
 [0.00000000	 0.02211828	 0.09924984	 0.00000000	]]
0.45733934978159807
[[2.77162439	 0.00000000	]
 [3.09379436	 0.00000000	]
 [3.90470782	 0.00000000	]
 [2.77910499	 1.00453694	]]

ANS:
0.45733934978159807
w:
[0.00000000      2.20644573     ]
A:
[[0.00000000     0.00000000      0.00000000     ]
 [0.34112874     0.00000000      0.00000000     ]]







1
2.01867572108617
[0, 3]
[0.29198711	 0.00000000	 0.00000000	]
[[1.08408138	 -0.01836708	 0.29179199	 1.08408138	]
 [-0.01836708	 1.13793383	 0.04922464	 -0.01836708	]
 [0.29179199	 0.04922464	 1.16617340	 0.29179199	]
 [1.08408138	 -0.01836708	 0.29179199	 1.08408138	]]
[[0.00000000	 0.12389980	 0.00018915	 0.00000000	]
 [0.12389980	 0.00000000	 0.13377106	 0.12389980	]
 [0.00018915	 0.13377106	 0.00000000	 0.00018915	]
 [0.00000000	 0.12389980	 0.00018915	 0.00000000	]]
0.29638447339462415
[[0.95561600	 0.00000000	]
 [1.19430031	 0.00000000	]
 [0.89967624	 0.00000000	]
 [0.97965382	 1.02905496	]]

ANS:
0.29638447339462415
w:
[0.00000000      3.57290686     ]
A:
[[0.00000000     0.00000000      0.00000000     ]
 [0.13640186     0.00000000      0.00000000     ]]




1
2.351019779858801
[0, 3]
[0.38556722	 0.00000000	 0.00000000	]
[[1.28951319	 -0.50737607	 -0.24666764	 1.28951319	]
 [-0.50737607	 0.45408019	 -0.23339906	 -0.50737607	]
 [-0.24666764	 -0.23339906	 1.89088955	 -0.24666764	]
 [1.28951319	 -0.50737607	 -0.24666764	 1.28951319	]]
[[0.00000000	 0.00457163	 0.00338495	 0.00000000	]
 [0.00457163	 0.00000000	 0.00008899	 0.00457163	]
 [0.00338495	 0.00008899	 0.00000000	 0.00338495	]
 [0.00000000	 0.00457163	 0.00338495	 0.00000000	]]
0.34264196404165453
[[1.02199032	 0.00000000	]
 [1.54155109	 0.00000000	]
 [1.44326090	 0.00000000	]
 [1.08841584	 1.07998645	]]

ANS:
0.34264196404165453
w:
[0.00000000      3.40405104     ]
A:
[[0.00000000     0.00000000      0.00000000     ]
 [0.16503964     0.00000000      0.00000000     ]]






1
5.466693316464331
[0, 3]
[1.62373677	 0.00000000	 0.00000000	]
[[4.73011392	 -2.19067973	 1.50840663	 4.73011392	]
 [-2.19067973	 1.91524349	 -1.19077404	 -2.19067973	]
 [1.50840663	 -1.19077404	 3.53741770	 1.50840663	]
 [4.73011392	 -2.19067973	 1.50840663	 4.73011392	]]
[[0.00000000	 0.00011587	 0.10070438	 0.00000000	]
 [0.00011587	 0.00000000	 0.09398836	 0.00011587	]
 [0.10070438	 0.09398836	 0.00000000	 0.10070438	]
 [0.00000000	 0.00011587	 0.10070438	 0.00000000	]]
0.4918259000164301
[[2.06472637	 0.00000000	]
 [3.41466845	 0.00000000	]
 [2.24500350	 0.00000000	]
 [2.09781648	 1.03240464	]]

ANS:
0.4918259000164301
w:
[0.00000000      2.16714764     ]
A:
[[0.00000000     0.00000000      0.00000000     ]
 [0.36881975     0.00000000      0.00000000     ]]








3
0.18474268020648432
[0, 2, 4, 6]
[2.22434954	 0.00000000	 13.38072533	 0.00000000	 6.32430043	 0.08935310	]
[[0.40218963	 -0.26283285	 0.40218963	 -0.26283285	 0.40218963	 -0.26283285	 0.40218963	]
 [-0.26283285	 1.59354627	 -0.26283285	 1.59354627	 -0.26283285	 1.59354627	 -0.26283285	]
 [0.40218963	 -0.26283285	 0.40218963	 -0.26283285	 0.40218963	 -0.26283285	 0.40218963	]
 [-0.26283285	 1.59354627	 -0.26283285	 1.59354627	 -0.26283285	 1.59354627	 -0.26283285	]
 [0.40218963	 -0.26283285	 0.40218963	 -0.26283285	 0.40218963	 -0.26283285	 0.40218963	]
 [-0.26283285	 1.59354627	 -0.26283285	 1.59354627	 -0.26283285	 1.59354627	 -0.26283285	]
 [0.40218963	 -0.26283285	 0.40218963	 -0.26283285	 0.40218963	 -0.26283285	 0.40218963	]]
[[0.00000000	 0.00392199	 0.00000000	 0.00392199	 0.00000000	 0.00392199	 0.00000000	]
 [0.00392199	 0.00000000	 0.00392199	 0.00000000	 0.00392199	 0.00000000	 0.00392199	]
 [0.00000000	 0.00392199	 0.00000000	 0.00392199	 0.00000000	 0.00392199	 0.00000000	]
 [0.00392199	 0.00000000	 0.00392199	 0.00000000	 0.00392199	 0.00000000	 0.00392199	]
 [0.00000000	 0.00392199	 0.00000000	 0.00392199	 0.00000000	 0.00392199	 0.00000000	]
 [0.00392199	 0.00000000	 0.00392199	 0.00000000	 0.00392199	 0.00000000	 0.00392199	]
 [0.00000000	 0.00392199	 0.00000000	 0.00392199	 0.00000000	 0.00392199	 0.00000000	]]
0.28026491167108625
[[-0.00000000	 0.00000000	 0.00000000	 0.00000000	]
 [2.44585651	 0.00000000	 0.00000000	 0.00000000	]
 [-0.00000000	 0.35061338	 0.00000000	 0.00000000	]
 [-0.57496671	 -1.25952446	 0.00000000	 0.00000000	]
 [-0.00000000	 0.30034514	 0.60193595	 0.00000000	]
 [-0.00000001	 0.08335119	 -0.93796778	 0.00000000	]
 [0.00000000	 0.28928727	 0.28528649	 0.14023969	]]

ANS:
0.28026491167108625
w:
[0.00000000      0.08674065      0.12936947      0.51196007     ]
A:
[[0.00000000     0.00000000      0.00000000      0.00000000      0.00000000      0.00000000     ]
 [0.43052427     -0.00000000     0.00000000      0.00000000      0.00000000      0.00000000     ]
 [0.10930825     -0.00000000     0.72339758      -0.00000000     0.00000000      0.00000000     ]
 [0.07346541     -0.00000000     0.47670322      -0.00000000     0.38322626      -0.00541443    ]]





3
0.5467740368872764
[0, 2, 4, 6]
[0.32665778	 0.12992188	 0.69218838	 0.00000000	 4.11133626	 0.00181178	]
[[0.00846000	 0.33488997	 0.00846000	 0.33488997	 0.00846000	 0.33488997	 0.00846000	]
 [0.33488997	 16.88591612	 0.33488997	 16.88591612	 0.33488997	 16.88591612	 0.33488997	]
 [0.00846000	 0.33488997	 0.00846000	 0.33488997	 0.00846000	 0.33488997	 0.00846000	]
 [0.33488997	 16.88591612	 0.33488997	 16.88591612	 0.33488997	 16.88591612	 0.33488997	]
 [0.00846000	 0.33488997	 0.00846000	 0.33488997	 0.00846000	 0.33488997	 0.00846000	]
 [0.33488997	 16.88591612	 0.33488997	 16.88591612	 0.33488997	 16.88591612	 0.33488997	]
 [0.00846000	 0.33488997	 0.00846000	 0.33488997	 0.00846000	 0.33488997	 0.00846000	]]
[[0.00000000	 0.57055391	 0.00000000	 0.57055391	 0.00000000	 0.57055391	 0.00000000	]
 [0.57055391	 0.00000000	 0.57055391	 0.00000000	 0.57055391	 0.00000000	 0.57055391	]
 [0.00000000	 0.57055391	 0.00000000	 0.57055391	 0.00000000	 0.57055391	 0.00000000	]
 [0.57055391	 0.00000000	 0.57055391	 0.00000000	 0.57055391	 0.00000000	 0.57055391	]
 [0.00000000	 0.57055391	 0.00000000	 0.57055391	 0.00000000	 0.57055391	 0.00000000	]
 [0.57055391	 0.00000000	 0.57055391	 0.00000000	 0.57055391	 0.00000000	 0.57055391	]
 [0.00000000	 0.57055391	 0.00000000	 0.57055391	 0.00000000	 0.57055391	 0.00000000	]]
0.26918721723163996
[[1.01005036	 0.00000000	 0.00000000	 0.00000000	]
 [0.83650314	 0.00000000	 0.00000000	 0.00000000	]
 [0.57804312	 0.86636857	 0.00000000	 0.00000000	]
 [0.46159795	 0.29090488	 0.00000000	 0.00000000	]
 [0.41733952	 0.57541386	 0.61888052	 0.00000000	]
 [0.35158536	 0.51104554	 0.54462936	 0.00000000	]
 [0.30800239	 0.40927929	 0.39447332	 0.35887300	]]

ANS:
0.26918721723163996
w:
[0.00000000      1.76891243      1.01157987      0.90388828     ]
A:
[[0.00000000     0.00000000      0.00000000      0.00000000      0.00000000      0.00000000     ]
 [0.04353983     0.01648637      0.00000000      0.00000000      0.00000000      0.00000000     ]
 [0.03314052     0.01401230      0.14267545      0.00000000      0.00000000      0.00000000     ]
 [0.01509700     0.00810638      0.05629449      0.00000000      0.45948076      0.00020248     ]]






3
0.20752330836605096
[0, 2, 4, 6]
[27.69097036	 0.00000000	 5.27656668	 0.27391686	 0.66111599	 0.00000000	]
[[0.17103483	 -0.01480858	 0.17103483	 -0.01480858	 0.17103483	 -0.01480858	 0.17103483	]
 [-0.01480858	 0.19676413	 -0.01480858	 0.19676413	 -0.01480858	 0.19676413	 -0.01480858	]
 [0.17103483	 -0.01480858	 0.17103483	 -0.01480858	 0.17103483	 -0.01480858	 0.17103483	]
 [-0.01480858	 0.19676413	 -0.01480858	 0.19676413	 -0.01480858	 0.19676413	 -0.01480858	]
 [0.17103483	 -0.01480858	 0.17103483	 -0.01480858	 0.17103483	 -0.01480858	 0.17103483	]
 [-0.01480858	 0.19676413	 -0.01480858	 0.19676413	 -0.01480858	 0.19676413	 -0.01480858	]
 [0.17103483	 -0.01480858	 0.17103483	 -0.01480858	 0.17103483	 -0.01480858	 0.17103483	]]
[[0.00000000	 0.00209966	 0.00000000	 0.00209966	 0.00000000	 0.00209966	 0.00000000	]
 [0.00209966	 0.00000000	 0.00209966	 0.00000000	 0.00209966	 0.00000000	 0.00209966	]
 [0.00000000	 0.00209966	 0.00000000	 0.00209966	 0.00000000	 0.00209966	 0.00000000	]
 [0.00209966	 0.00000000	 0.00209966	 0.00000000	 0.00209966	 0.00000000	 0.00209966	]
 [0.00000000	 0.00209966	 0.00000000	 0.00209966	 0.00000000	 0.00209966	 0.00000000	]
 [0.00209966	 0.00000000	 0.00209966	 0.00000000	 0.00209966	 0.00000000	 0.00209966	]
 [0.00000000	 0.00209966	 0.00000000	 0.00209966	 0.00000000	 0.00209966	 0.00000000	]]
0.21337469378627463
[[0.00000000	 0.00000000	 0.00000000	 0.00000000	]
 [0.94105538	 0.00000000	 0.00000000	 0.00000000	]
 [0.00000000	 0.74912755	 0.00000000	 0.00000000	]
 [0.00000000	 -0.96064954	 0.00000000	 0.00000000	]
 [0.00000001	 0.54988045	 0.82570199	 0.00000000	]
 [-0.14375866	 0.26640099	 -1.10343145	 0.00000000	]
 [0.00000000	 0.37680858	 0.23865971	 0.09262905	]]

ANS:
0.21337469378627463
w:
[0.00000000      0.33346842      0.09797467      0.68090160     ]
A:
[[0.00000000     0.00000000      0.00000000      0.00000000      0.00000000      0.00000000     ]
 [0.74428859     -0.00000000     0.00000000      0.00000000      0.00000000      0.00000000     ]
 [0.51033124     0.00000000      0.37376887      -0.01897687     0.00000000      0.00000000     ]
 [0.48531693     0.00000000      0.33710453      -0.01756687     0.09498017      -0.00000000    ]]








3
0.4567705129900043
[0, 2, 4, 6]
[0.00000000	 0.72075015	 106.53897021	 0.85724507	 0.13261453	 0.00000000	]
[[0.19294389	 -0.36570750	 0.19294389	 -0.36570750	 0.19294389	 -0.36570750	 0.19294389	]
 [-0.36570750	 1.16379213	 -0.36570750	 1.16379213	 -0.36570750	 1.16379213	 -0.36570750	]
 [0.19294389	 -0.36570750	 0.19294389	 -0.36570750	 0.19294389	 -0.36570750	 0.19294389	]
 [-0.36570750	 1.16379213	 -0.36570750	 1.16379213	 -0.36570750	 1.16379213	 -0.36570750	]
 [0.19294389	 -0.36570750	 0.19294389	 -0.36570750	 0.19294389	 -0.36570750	 0.19294389	]
 [-0.36570750	 1.16379213	 -0.36570750	 1.16379213	 -0.36570750	 1.16379213	 -0.36570750	]
 [0.19294389	 -0.36570750	 0.19294389	 -0.36570750	 0.19294389	 -0.36570750	 0.19294389	]]
[[0.00000000	 0.34331431	 0.00000000	 0.34331431	 0.00000000	 0.34331431	 0.00000000	]
 [0.34331431	 0.00000000	 0.34331431	 0.00000000	 0.34331431	 0.00000000	 0.34331431	]
 [0.00000000	 0.34331431	 0.00000000	 0.34331431	 0.00000000	 0.34331431	 0.00000000	]
 [0.34331431	 0.00000000	 0.34331431	 0.00000000	 0.34331431	 0.00000000	 0.34331431	]
 [0.00000000	 0.34331431	 0.00000000	 0.34331431	 0.00000000	 0.34331431	 0.00000000	]
 [0.34331431	 0.00000000	 0.34331431	 0.00000000	 0.34331431	 0.00000000	 0.34331431	]
 [0.00000000	 0.34331431	 0.00000000	 0.34331431	 0.00000000	 0.34331431	 0.00000000	]]
0.3296810967208326
[[-10.69644241	 0.00000000	 0.00000000	 0.00000000	]
 [-0.00000000	 0.00000000	 0.00000000	 0.00000000	]
 [0.00000000	 0.50077214	 0.00000000	 0.00000000	]
 [-0.00000006	 -0.51605001	 0.00000000	 0.00000000	]
 [0.00000000	 0.47997713	 1.10401792	 0.00000000	]
 [0.33926401	 -0.14101109	 -0.22624995	 0.00000000	]
 [0.00000000	 0.47946110	 0.46538555	 0.10150789	]]

ANS:
0.3296810967208326
w:
[0.00000000      1.69232993      0.05638536      0.88265062     ]
A:
[[0.00000000     0.00000000      0.00000000      0.00000000      0.00000000      0.00000000     ]
 [0.00000000     -0.11407668     0.00000000      0.00000000      0.00000000      0.00000000     ]
 [0.00000000     -0.00475172     0.84313312      -0.00678278     0.00000000      0.00000000     ]
 [0.00000000     -0.00463761     0.82255991      -0.00661866     0.04004465      -0.00000000    ]]












3
0.22235495546777542
[0, 2, 4, 6]
[0.18907261	 0.28816158	 0.15290890	 0.00000000	 1.18766850	 0.02730999	]
[[0.00239844	 0.06087323	 0.00239844	 0.06087323	 0.00239844	 0.06087323	 0.00239844	]
 [0.06087323	 2.50545434	 0.06087323	 2.50545434	 0.06087323	 2.50545434	 0.06087323	]
 [0.00239844	 0.06087323	 0.00239844	 0.06087323	 0.00239844	 0.06087323	 0.00239844	]
 [0.06087323	 2.50545434	 0.06087323	 2.50545434	 0.06087323	 2.50545434	 0.06087323	]
 [0.00239844	 0.06087323	 0.00239844	 0.06087323	 0.00239844	 0.06087323	 0.00239844	]
 [0.06087323	 2.50545434	 0.06087323	 2.50545434	 0.06087323	 2.50545434	 0.06087323	]
 [0.00239844	 0.06087323	 0.00239844	 0.06087323	 0.00239844	 0.06087323	 0.00239844	]]
[[0.00000000	 0.05097315	 0.00000000	 0.05097315	 0.00000000	 0.05097315	 0.00000000	]
 [0.05097315	 0.00000000	 0.05097315	 0.00000000	 0.05097315	 0.00000000	 0.05097315	]
 [0.00000000	 0.05097315	 0.00000000	 0.05097315	 0.00000000	 0.05097315	 0.00000000	]
 [0.05097315	 0.00000000	 0.05097315	 0.00000000	 0.05097315	 0.00000000	 0.05097315	]
 [0.00000000	 0.05097315	 0.00000000	 0.05097315	 0.00000000	 0.05097315	 0.00000000	]
 [0.05097315	 0.00000000	 0.05097315	 0.00000000	 0.05097315	 0.00000000	 0.05097315	]
 [0.00000000	 0.05097315	 0.00000000	 0.05097315	 0.00000000	 0.05097315	 0.00000000	]]
0.09011879978843829
[[0.97781810	 0.00000000	 0.00000000	 0.00000000	]
 [0.95926194	 0.00000000	 0.00000000	 0.00000000	]
 [0.59255382	 0.85560607	 0.00000000	 0.00000000	]
 [0.51005806	 0.90944164	 0.00000000	 0.00000000	]
 [0.49706368	 0.67040983	 0.49141962	 0.00000000	]
 [0.48788725	 0.66329503	 0.48575888	 0.00000000	]
 [0.22945046	 0.27683301	 0.19040108	 0.23836601	]]

ANS:
0.09011879978843829
w:
[0.00000000      0.75887207      1.15190097      1.15130719     ]
A:
[[0.00000000     0.00000000      0.00000000      0.00000000      0.00000000      0.00000000     ]
 [0.02061283     0.03100976      0.00000000      0.00000000      0.00000000      0.00000000     ]
 [0.01930027     0.02936515      0.03086367      0.00000000      0.00000000      0.00000000     ]
 [0.01345541     0.02098043      0.01909227      0.00000000      0.17239940      0.00396426     ]]










3
7.09084414428357
[0, 2, 4, 6]
[3.00885902	 0.00000000	 0.18128253	 0.00000000	 0.55494913	 0.00000000	]
[[7.57253026	 -12.26727979	 7.57253026	 -12.26727979	 7.57253026	 -12.26727979	 7.57253026	]
 [-12.26727979	 23.33795511	 -12.26727979	 23.33795511	 -12.26727979	 23.33795511	 -12.26727979	]
 [7.57253026	 -12.26727979	 7.57253026	 -12.26727979	 7.57253026	 -12.26727979	 7.57253026	]
 [-12.26727979	 23.33795511	 -12.26727979	 23.33795511	 -12.26727979	 23.33795511	 -12.26727979	]
 [7.57253026	 -12.26727979	 7.57253026	 -12.26727979	 7.57253026	 -12.26727979	 7.57253026	]
 [-12.26727979	 23.33795511	 -12.26727979	 23.33795511	 -12.26727979	 23.33795511	 -12.26727979	]
 [7.57253026	 -12.26727979	 7.57253026	 -12.26727979	 7.57253026	 -12.26727979	 7.57253026	]]
[[0.00000000	 0.10679985	 0.00000000	 0.10679985	 0.00000000	 0.10679985	 0.00000000	]
 [0.10679985	 0.00000000	 0.10679985	 0.00000000	 0.10679985	 0.00000000	 0.10679985	]
 [0.00000000	 0.10679985	 0.00000000	 0.10679985	 0.00000000	 0.10679985	 0.00000000	]
 [0.10679985	 0.00000000	 0.10679985	 0.00000000	 0.10679985	 0.00000000	 0.10679985	]
 [0.00000000	 0.10679985	 0.00000000	 0.10679985	 0.00000000	 0.10679985	 0.00000000	]
 [0.10679985	 0.00000000	 0.10679985	 0.00000000	 0.10679985	 0.00000000	 0.10679985	]
 [0.00000000	 0.10679985	 0.00000000	 0.10679985	 0.00000000	 0.10679985	 0.00000000	]]
0.7537419371277232
[[2.20266521	 0.00000000	 0.00000000	 0.00000000	]
 [3.91977116	 0.00000000	 0.00000000	 0.00000000	]
 [2.22374008	 1.36886890	 0.00000000	 0.00000000	]
 [2.26718289	 1.54090867	 0.00000000	 0.00000000	]
 [2.22416773	 1.28608447	 0.69431408	 0.00000000	]
 [-2.00789030	 0.68828401	 2.06351423	 0.00000000	]
 [2.22459457	 1.20150414	 0.60374218	 0.57784626	]]

ANS:
0.7537419371277232
w:
[0.00000000      1.36577618      1.20291333      1.36442273     ]
A:
[[0.00000000     0.00000000      0.00000000      0.00000000      0.00000000      0.00000000     ]
 [0.25969621     0.00000000      0.00000000      0.00000000      0.00000000      0.00000000     ]
 [0.23209124     0.00000000      0.09294628      0.00000000      0.00000000      0.00000000     ]
 [0.17245775     0.00000000      0.06516589      0.00000000      0.26060989      -0.00000000    ]]









3
2.7959585850394557
[0, 2, 4, 6]
[4.37309419	 0.00000000	 0.84995682	 0.00000000	 1.63839812	 0.00000000	]
[[1.31482586	 1.02129752	 1.31482586	 1.02129752	 1.31482586	 1.02129752	 1.31482586	]
 [1.02129752	 1.28743922	 1.02129752	 1.28743922	 1.02129752	 1.28743922	 1.02129752	]
 [1.31482586	 1.02129752	 1.31482586	 1.02129752	 1.31482586	 1.02129752	 1.31482586	]
 [1.02129752	 1.28743922	 1.02129752	 1.28743922	 1.02129752	 1.28743922	 1.02129752	]
 [1.31482586	 1.02129752	 1.31482586	 1.02129752	 1.31482586	 1.02129752	 1.31482586	]
 [1.02129752	 1.28743922	 1.02129752	 1.28743922	 1.02129752	 1.28743922	 1.02129752	]
 [1.31482586	 1.02129752	 1.31482586	 1.02129752	 1.31482586	 1.02129752	 1.31482586	]]
[[0.00000000	 0.00523369	 0.00000000	 0.00523369	 0.00000000	 0.00523369	 0.00000000	]
 [0.00523369	 0.00000000	 0.00523369	 0.00000000	 0.00523369	 0.00000000	 0.00523369	]
 [0.00000000	 0.00523369	 0.00000000	 0.00523369	 0.00000000	 0.00523369	 0.00000000	]
 [0.00523369	 0.00000000	 0.00523369	 0.00000000	 0.00523369	 0.00000000	 0.00523369	]
 [0.00000000	 0.00523369	 0.00000000	 0.00523369	 0.00000000	 0.00523369	 0.00000000	]
 [0.00523369	 0.00000000	 0.00523369	 0.00000000	 0.00523369	 0.00000000	 0.00523369	]
 [0.00000000	 0.00523369	 0.00000000	 0.00523369	 0.00000000	 0.00523369	 0.00000000	]]
0.9666274946088208
[[-0.00000000	 0.00000000	 0.00000000	 0.00000000	]
 [23.16330264	 0.00000000	 0.00000000	 0.00000000	]
 [0.00000000	 1.42914560	 0.00000000	 0.00000000	]
 [-0.45159709	 -0.73679562	 0.00000000	 0.00000000	]
 [-0.00000000	 1.34038231	 0.94431463	 0.00000000	]
 [0.54551567	 -0.33846960	 -1.35081341	 0.00000000	]
 [0.00000000	 1.32079976	 0.83372054	 0.59695616	]]

ANS:
0.9666274946088208
w:
[0.00000000      2.72499253      1.22032092      1.10544172     ]
A:
[[0.00000000     0.00000000      0.00000000      0.00000000      0.00000000      0.00000000     ]
 [0.21048821     0.00000000      0.00000000      0.00000000      0.00000000      0.00000000     ]
 [0.13408711     0.00000000      0.24902967      -0.00000000     0.00000000      0.00000000     ]
 [0.07076700     0.00000000      0.12535114      -0.00000000     0.45589184      -0.00000000    ]]








3
0.034985784188786735
[0, 2, 4, 6]
[0.00000000	 0.04659867	 0.00000000	 0.56104511	 0.00000000	 0.07197003	]
[[0.07379947	 -0.17064252	 0.07379947	 -0.17064252	 0.07379947	 -0.17064252	 0.07379947	]
 [-0.17064252	 1.02396952	 -0.17064252	 1.02396952	 -0.17064252	 1.02396952	 -0.17064252	]
 [0.07379947	 -0.17064252	 0.07379947	 -0.17064252	 0.07379947	 -0.17064252	 0.07379947	]
 [-0.17064252	 1.02396952	 -0.17064252	 1.02396952	 -0.17064252	 1.02396952	 -0.17064252	]
 [0.07379947	 -0.17064252	 0.07379947	 -0.17064252	 0.07379947	 -0.17064252	 0.07379947	]
 [-0.17064252	 1.02396952	 -0.17064252	 1.02396952	 -0.17064252	 1.02396952	 -0.17064252	]
 [0.07379947	 -0.17064252	 0.07379947	 -0.17064252	 0.07379947	 -0.17064252	 0.07379947	]]
[[0.00000000	 0.01380491	 0.00000000	 0.01380491	 0.00000000	 0.01380491	 0.00000000	]
 [0.01380491	 0.00000000	 0.01380491	 0.00000000	 0.01380491	 0.00000000	 0.01380491	]
 [0.00000000	 0.01380491	 0.00000000	 0.01380491	 0.00000000	 0.01380491	 0.00000000	]
 [0.01380491	 0.00000000	 0.01380491	 0.00000000	 0.01380491	 0.00000000	 0.01380491	]
 [0.00000000	 0.01380491	 0.00000000	 0.01380491	 0.00000000	 0.01380491	 0.00000000	]
 [0.01380491	 0.00000000	 0.01380491	 0.00000000	 0.01380491	 0.00000000	 0.01380491	]
 [0.00000000	 0.01380491	 0.00000000	 0.01380491	 0.00000000	 0.01380491	 0.00000000	]]
0.02223502285283007
[[1.00622403	 0.00000000	 0.00000000	 0.00000000	]
 [0.00000000	 0.00000000	 0.00000000	 0.00000000	]
 [0.28731190	 0.39341481	 0.00000000	 0.00000000	]
 [0.00000000	 -0.44357650	 0.00000000	 0.00000000	]
 [-0.13449735	 0.00517282	 0.81985127	 0.00000000	]
 [-0.00000000	 -0.25349619	 -0.63155912	 0.00000000	]
 [0.00000000	 0.09339866	 0.15204064	 0.05609026	]]
 
ANS:
0.02223502285283007
w:
[0.00000000      1.24420819      0.07706810      1.31982700     ]
A:
[[0.00000000     0.00000000      0.00000000      0.00000000      0.00000000      0.00000000     ]
 [0.00000000     -0.00745796     0.00000000      0.00000000      0.00000000      0.00000000     ]
 [0.00000000     -0.00475565     0.00000000      -0.06547038     0.00000000      0.00000000     ]
 [0.00000000     -0.00448526     0.00000000      -0.06230430     0.00000000      -0.01110117    ]]












3
0.4332799569612274
[0, 2, 4, 6]
[0.72104082	 5.84080241	 0.00000000	 0.07527381	 0.00000000	 0.08558979	]
[[0.00000000	 0.00000000	 0.00000000	 0.00000000	 0.00000000	 0.00000000	 0.00000000	]
 [0.00000000	 0.00000000	 0.00000000	 0.00000000	 0.00000000	 0.00000000	 0.00000000	]
 [0.00000000	 0.00000000	 0.00000000	 0.00000000	 0.00000000	 0.00000000	 0.00000000	]
 [0.00000000	 0.00000000	 0.00000000	 0.00000000	 0.00000000	 0.00000000	 0.00000000	]
 [0.00000000	 0.00000000	 0.00000000	 0.00000000	 0.00000000	 0.00000000	 0.00000000	]
 [0.00000000	 0.00000000	 0.00000000	 0.00000000	 0.00000000	 0.00000000	 0.00000000	]
 [0.00000000	 0.00000000	 0.00000000	 0.00000000	 0.00000000	 0.00000000	 0.00000000	]]
[[0.00000000	 0.00000000	 0.00000000	 0.00000000	 0.00000000	 0.00000000	 0.00000000	]
 [0.00000000	 0.00000000	 0.00000000	 0.00000000	 0.00000000	 0.00000000	 0.00000000	]
 [0.00000000	 0.00000000	 0.00000000	 0.00000000	 0.00000000	 0.00000000	 0.00000000	]
 [0.00000000	 0.00000000	 0.00000000	 0.00000000	 0.00000000	 0.00000000	 0.00000000	]
 [0.00000000	 0.00000000	 0.00000000	 0.00000000	 0.00000000	 0.00000000	 0.00000000	]
 [0.00000000	 0.00000000	 0.00000000	 0.00000000	 0.00000000	 0.00000000	 0.00000000	]
 [0.00000000	 0.00000000	 0.00000000	 0.00000000	 0.00000000	 0.00000000	 0.00000000	]]
0.16707004280334872
[[-0.88009580	 0.00000000	 0.00000000	 0.00000000	]
 [0.84574642	 0.00000000	 0.00000000	 0.00000000	]
 [-1.32794056	 -1.41322380	 0.00000000	 0.00000000	]
 [0.56352555	 1.04100184	 0.00000000	 0.00000000	]
 [0.59866261	 0.91806240	 0.33978746	 0.00000000	]
 [0.55930614	 1.01119829	 0.27693964	 0.00000000	]
 [0.45767596	 0.44529150	 0.11440240	 0.11153584	]]

ANS:
0.16707004280334872
w:
[0.00000000      0.08947983      0.09493404      1.17246250     ]
A:
[[0.00000000     0.00000000      0.00000000      0.00000000      0.00000000      0.00000000     ]
 [-0.04577995    0.37345504      0.00000000      0.00000000      0.00000000      0.00000000     ]
 [-0.04506507    0.36621431      -0.00000000     0.02414945      0.00000000      0.00000000     ]
 [-0.04430573    0.35859624      -0.00000000     0.02288874      0.00000000      0.02707596     ]]
r2:      0.4332799569612274
K:       0.0
X / XN:
[-1.92296714     1.84791527      1.23127623      1.22205714     ]













3
0.4442759046796294
[0, 2, 4, 6]
[0.72123320	 2.60417563	 0.92918583	 7.44219723	 15.42916962	 0.63353064	]
[[0.00000000	 0.00000000	 0.00000000	 0.00000000	 0.00000000	 0.00000000	 0.00000000	]
 [0.00000000	 0.00000000	 0.00000000	 0.00000000	 0.00000000	 0.00000000	 0.00000000	]
 [0.00000000	 0.00000000	 0.00000000	 0.00000000	 0.00000000	 0.00000000	 0.00000000	]
 [0.00000000	 0.00000000	 0.00000000	 0.00000000	 0.00000000	 0.00000000	 0.00000000	]
 [0.00000000	 0.00000000	 0.00000000	 0.00000000	 0.00000000	 0.00000000	 0.00000000	]
 [0.00000000	 0.00000000	 0.00000000	 0.00000000	 0.00000000	 0.00000000	 0.00000000	]
 [0.00000000	 0.00000000	 0.00000000	 0.00000000	 0.00000000	 0.00000000	 0.00000000	]]
[[0.00000000	 0.00000000	 0.00000000	 0.00000000	 0.00000000	 0.00000000	 0.00000000	]
 [0.00000000	 0.00000000	 0.00000000	 0.00000000	 0.00000000	 0.00000000	 0.00000000	]
 [0.00000000	 0.00000000	 0.00000000	 0.00000000	 0.00000000	 0.00000000	 0.00000000	]
 [0.00000000	 0.00000000	 0.00000000	 0.00000000	 0.00000000	 0.00000000	 0.00000000	]
 [0.00000000	 0.00000000	 0.00000000	 0.00000000	 0.00000000	 0.00000000	 0.00000000	]
 [0.00000000	 0.00000000	 0.00000000	 0.00000000	 0.00000000	 0.00000000	 0.00000000	]
 [0.00000000	 0.00000000	 0.00000000	 0.00000000	 0.00000000	 0.00000000	 0.00000000	]]
0.28158663237732906
[[-0.89550494	 0.00000000	 0.00000000	 0.00000000	]
 [0.87527335	 0.00000000	 0.00000000	 0.00000000	]
 [-0.36392197	 -0.77901054	 0.00000000	 0.00000000	]
 [0.42305265	 0.70740592	 0.00000000	 0.00000000	]
 [0.31966364	 0.45447705	 0.60311790	 0.00000000	]
 [-0.15203490	 -0.32582913	 -0.80073287	 0.00000000	]
 [0.27761796	 0.38317774	 0.38893714	 0.26288190	]]

ANS:
0.28158663237732906
w:
[0.00000000      1.05109675      0.53442112      0.71485677     ]
A:
[[0.00000000     0.00000000      0.00000000      0.00000000      0.00000000      0.00000000     ]
 [-0.04142653    0.15219783      0.00000000      0.00000000      0.00000000      0.00000000     ]
 [-0.01885711    0.06003197      -0.04673206     0.38756425      0.00000000      0.00000000     ]
 [-0.00912734    0.02638327      -0.02090974     0.14314201      0.56273772      -0.02310634    ]]
r2:      0.4442759046796294
K:       0.0
X / XN:
[-3.22567363     3.15279799      -1.31087330     1.52386629      1.15145158      -0.54764072    ]









3
4.506725959599274
[0, 2, 4, 6]
[0.08829324	 0.00000000	 0.17854878	 0.00000000	 0.11354350	 0.00000000	]
[[1.76258659	 1.76258659	 1.76258659	 1.76258659	 1.76258659	 1.76258659	 1.76258659	]
 [1.76258659	 1.76258659	 1.76258659	 1.76258659	 1.76258659	 1.76258659	 1.76258659	]
 [1.76258659	 1.76258659	 1.76258659	 1.76258659	 1.76258659	 1.76258659	 1.76258659	]
 [1.76258659	 1.76258659	 1.76258659	 1.76258659	 1.76258659	 1.76258659	 1.76258659	]
 [1.76258659	 1.76258659	 1.76258659	 1.76258659	 1.76258659	 1.76258659	 1.76258659	]
 [1.76258659	 1.76258659	 1.76258659	 1.76258659	 1.76258659	 1.76258659	 1.76258659	]
 [1.76258659	 1.76258659	 1.76258659	 1.76258659	 1.76258659	 1.76258659	 1.76258659	]]
[[0.00000000	 0.20747017	 0.00000000	 0.20747017	 0.00000000	 0.20747017	 0.00000000	]
 [0.20747017	 0.00000000	 0.20747017	 0.00000000	 0.20747017	 0.00000000	 0.20747017	]
 [0.00000000	 0.20747017	 0.00000000	 0.20747017	 0.00000000	 0.20747017	 0.00000000	]
 [0.20747017	 0.00000000	 0.20747017	 0.00000000	 0.20747017	 0.00000000	 0.20747017	]
 [0.00000000	 0.20747017	 0.00000000	 0.20747017	 0.00000000	 0.20747017	 0.00000000	]
 [0.20747017	 0.00000000	 0.20747017	 0.00000000	 0.20747017	 0.00000000	 0.20747017	]
 [0.00000000	 0.20747017	 0.00000000	 0.20747017	 0.00000000	 0.20747017	 0.00000000	]]
0.4497692887919607
[[1.24353238	 0.00000000	 0.00000000	 0.00000000	]
 [12.54448913	 0.00000000	 0.00000000	 0.00000000	]
 [1.36633769	 1.18952799	 0.00000000	 0.00000000	]
 [12.53837828	 -2.97427101	 0.00000000	 0.00000000	]
 [1.38287034	 1.19151294	 0.94404257	 0.00000000	]
 [1.11947082	 0.98342678	 0.86522465	 0.00000000	]
 [1.39181832	 1.19229217	 0.88845435	 0.59887893	]]

ANS:
0.4497692887919607
w:
[0.00000000      9.51992425      1.64749212      2.39552600     ]
A:
[[0.00000000     0.00000000      0.00000000      0.00000000      0.00000000      0.00000000     ]
 [0.02487576     0.00000000      0.00000000      0.00000000      0.00000000      0.00000000     ]
 [0.02105928     0.00000000      0.08550870      0.00000000      0.00000000      0.00000000     ]
 [0.01913390     0.00000000      0.07771928      0.00000000      0.08008090      0.00000000     ]]
r2:      4.506725959599274
K:       1.7625865853473603
X / XN:
[0.89345888      0.98169260      0.99357102     ]












3
2.4315499525865776
[0, 2, 4, 6]
[0.00000000	 1.28864000	 1.80427073	 0.00000000	 2.33481577	 0.00000000	]
[[2.10756628	 2.10756628	 2.10756628	 2.10756628	 2.10756628	 2.10756628	 2.10756628	]
 [2.10756628	 2.10756628	 2.10756628	 2.10756628	 2.10756628	 2.10756628	 2.10756628	]
 [2.10756628	 2.10756628	 2.10756628	 2.10756628	 2.10756628	 2.10756628	 2.10756628	]
 [2.10756628	 2.10756628	 2.10756628	 2.10756628	 2.10756628	 2.10756628	 2.10756628	]
 [2.10756628	 2.10756628	 2.10756628	 2.10756628	 2.10756628	 2.10756628	 2.10756628	]
 [2.10756628	 2.10756628	 2.10756628	 2.10756628	 2.10756628	 2.10756628	 2.10756628	]
 [2.10756628	 2.10756628	 2.10756628	 2.10756628	 2.10756628	 2.10756628	 2.10756628	]]
[[0.00000000	 0.49637054	 0.00000000	 0.49637054	 0.00000000	 0.49637054	 0.00000000	]
 [0.49637054	 0.00000000	 0.49637054	 0.00000000	 0.49637054	 0.00000000	 0.49637054	]
 [0.00000000	 0.49637054	 0.00000000	 0.49637054	 0.00000000	 0.49637054	 0.00000000	]
 [0.49637054	 0.00000000	 0.49637054	 0.00000000	 0.49637054	 0.00000000	 0.49637054	]
 [0.00000000	 0.49637054	 0.00000000	 0.49637054	 0.00000000	 0.49637054	 0.00000000	]
 [0.49637054	 0.00000000	 0.49637054	 0.00000000	 0.49637054	 0.00000000	 0.49637054	]
 [0.00000000	 0.49637054	 0.00000000	 0.49637054	 0.00000000	 0.49637054	 0.00000000	]]
1.1240779794007676
[[-3.31564056	 0.00000000	 0.00000000	 0.00000000	]
 [-0.00000005	 0.00000000	 0.00000000	 0.00000000	]
 [0.00000003	 1.25625036	 0.00000000	 0.00000000	]
 [3.56164544	 13.54832737	 0.00000000	 0.00000000	]
 [0.00000004	 1.21249010	 0.96391699	 0.00000000	]
 [-2.14630676	 1.10613214	 4.56578044	 0.00000000	]
 [0.00000000	 1.20722820	 0.82967095	 0.53459903	]]

ANS:
1.1240779794007676
w:
[0.00000000      1.47271971      0.85268881      0.95538095     ]
A:
[[0.00000000     0.00000000      0.00000000      0.00000000      0.00000000      0.00000000     ]
 [0.00000000     0.21669313      0.00000000      0.00000000      0.00000000      0.00000000     ]
 [0.00000000     0.09081850      0.37912540      -0.00000000     0.00000000      0.00000000     ]
 [0.00000000     0.04352316      0.17820152      -0.00000000     0.51768760      0.00000000     ]]
r2:      2.4315499525865776
K:       2.107566279342668
X / XN:
[0.60022931      1.00849479      1.00091181     ]


