1
1.0
[0, 1]
[1.00000000	]
[[0.29090474	 0.29090474	]
 [0.29090474	 0.29090474	]]
[[0.00000000	 0.00000000	]
 [0.00000000	 0.00000000	]]
0.26071365000549324
[[0.95842722	 0.00000000	]
 [0.71895983	 0.69505162	]]


1
1.0
[0, 2]
[1.00000000	 0.00000000	]
[[0.30887370	 -0.06024036	 0.30887370	]
 [-0.06024036	 0.49285865	 -0.06024036	]
 [0.30887370	 -0.06024036	 0.30887370	]]
[[0.00000000	 1.82822477	 0.00000000	]
 [1.82822477	 0.00000000	 1.82822477	]
 [0.00000000	 1.82822477	 0.00000000	]]
0.2638449895137062
[[0.94620726	 0.00000000	]
 [2.49442099	 0.00000000	]
 [0.71441846	 0.69971870	]]


1
1.0
[0, 2]
[1.00000000	 0.00000000	]
[[0.93401415	 0.09206758	 0.93401415	]
 [0.09206758	 0.75348620	 0.09206758	]
 [0.93401415	 0.09206758	 0.93401415	]]
[[0.00000000	 0.20195104	 0.00000000	]
 [0.20195104	 0.00000000	 0.20195104	]
 [0.00000000	 0.20195104	 0.00000000	]]
0.40837313179430135
[[0.30860578	 0.00000000	]
 [-1.97210118	 0.00000000	]
 [0.29900604	 0.95425122	]]


1
1.0
[0, 2]
[1.00000000	 0.00000000	]
[[0.93401415	 0.09206758	 0.93401415	]
 [0.09206758	 0.75348620	 0.09206758	]
 [0.93401415	 0.09206758	 0.93401415	]]
[[0.00000000	 0.20195104	 0.00000000	]
 [0.20195104	 0.00000000	 0.20195104	]
 [0.00000000	 0.20195104	 0.00000000	]]
0.4083731317879017
[[0.30860740	 0.00000000	]
 [1.04257946	 0.00000000	]
 [0.29900955	 0.95425012	]]


1
1.0
[0, 2]
[1.00000000	 0.00000000	]
[[0.93401415	 0.09206758	 0.93401415	]
 [0.09206758	 0.75348620	 0.09206758	]
 [0.93401415	 0.09206758	 0.93401415	]]
[[0.00000000	 0.20195104	 0.00000000	]
 [0.20195104	 0.00000000	 0.20195104	]
 [0.00000000	 0.20195104	 0.00000000	]]
0.4083731317879017
[[0.30860740	 0.00000000	]
 [1.04257946	 0.00000000	]
 [0.29900955	 0.95425012	]]


1
1.0
[0, 2]
[1.00000000	 0.00000000	]
[[0.93401415	 0.09206758	 0.93401415	]
 [0.09206758	 0.75348620	 0.09206758	]
 [0.93401415	 0.09206758	 0.93401415	]]
[[0.00000000	 0.20195104	 0.00000000	]
 [0.20195104	 0.00000000	 0.20195104	]
 [0.00000000	 0.20195104	 0.00000000	]]
0.4083731317879017
[[0.30860521	 0.00000000	]
 [0.27342816	 0.00000000	]
 [0.29900636	 0.95425112	]]


1
1.0
[0, 2]
[1.00000000	 0.00000000	]
[[0.93401415	 0.09206758	 0.93401415	]
 [0.09206758	 0.75348620	 0.09206758	]
 [0.93401415	 0.09206758	 0.93401415	]]
[[0.00000000	 0.20195104	 0.00000000	]
 [0.20195104	 0.00000000	 0.20195104	]
 [0.00000000	 0.20195104	 0.00000000	]]
0.4083731317879017
[[0.30860521	 0.00000000	]
 [0.27342816	 0.00000000	]
 [0.29900636	 0.95425112	]]


1
1.0
[0, 2]
[1.00000000	 0.00000000	]
[[0.93401415	 0.09206758	 0.93401415	]
 [0.09206758	 0.75348620	 0.09206758	]
 [0.93401415	 0.09206758	 0.93401415	]]
[[0.00000000	 0.20195104	 0.00000000	]
 [0.20195104	 0.00000000	 0.20195104	]
 [0.00000000	 0.20195104	 0.00000000	]]
0.4083731317879017
[[0.30860740	 0.00000000	]
 [1.04257946	 0.00000000	]
 [0.29900955	 0.95425012	]]


1
1.0
[0, 2]
[1.00000000	 0.00000000	]
[[0.93401415	 0.09206758	 0.93401415	]
 [0.09206758	 0.75348620	 0.09206758	]
 [0.93401415	 0.09206758	 0.93401415	]]
[[0.00000000	 0.20195104	 0.00000000	]
 [0.20195104	 0.00000000	 0.20195104	]
 [0.00000000	 0.20195104	 0.00000000	]]
0.4083731317879017
[[0.30860740	 0.00000000	]
 [1.04257946	 0.00000000	]
 [0.29900955	 0.95425012	]]


1
1.0
[0, 2]
[1.00000000	 0.00000000	]
[[0.93401415	 0.09206758	 0.93401415	]
 [0.09206758	 0.75348620	 0.09206758	]
 [0.93401415	 0.09206758	 0.93401415	]]
[[0.00000000	 0.20195104	 0.00000000	]
 [0.20195104	 0.00000000	 0.20195104	]
 [0.00000000	 0.20195104	 0.00000000	]]
0.4083731317879017
[[0.30860740	 0.00000000	]
 [1.04257946	 0.00000000	]
 [0.29900955	 0.95425012	]]


1
1.0
[0, 2]
[1.00000000	 0.00000000	]
[[0.93401415	 0.09206758	 0.93401415	]
 [0.09206758	 0.75348620	 0.09206758	]
 [0.93401415	 0.09206758	 0.93401415	]]
[[0.00000000	 0.20195104	 0.00000000	]
 [0.20195104	 0.00000000	 0.20195104	]
 [0.00000000	 0.20195104	 0.00000000	]]
0.40837313179229107
[[0.30860559	 0.00000000	]
 [-1.35941624	 0.00000000	]
 [0.29900584	 0.95425128	]]


1
1.0
[0, 2]
[1.00000000	 0.00000000	]
[[0.93401415	 0.09206758	 0.93401415	]
 [0.09206758	 0.75348620	 0.09206758	]
 [0.93401415	 0.09206758	 0.93401415	]]
[[0.00000000	 0.20195104	 0.00000000	]
 [0.20195104	 0.00000000	 0.20195104	]
 [0.00000000	 0.20195104	 0.00000000	]]
0.40837313179430135
[[0.30860579	 0.00000000	]
 [0.90142072	 0.00000000	]
 [0.29900605	 0.95425122	]]


1
1.0
[0, 2]
[1.00000000	 0.00000000	]
[[0.20816374	 -0.03203592	 0.20816374	]
 [-0.03203592	 0.91716632	 -0.03203592	]
 [0.20816374	 -0.03203592	 0.20816374	]]
[[0.00000000	 0.59613476	 0.00000000	]
 [0.59613476	 0.00000000	 0.59613476	]
 [0.00000000	 0.59613476	 0.00000000	]]
0.24689404708164497
[[1.01314728	 0.00000000	]
 [1.16142072	 0.00000000	]
 [0.73800702	 0.67479304	]]


1
1.0
[0, 2]
[1.00000000	 0.00000000	]
[[0.14771582	 0.01169580	 0.14771582	]
 [0.01169580	 0.55678326	 0.01169580	]
 [0.14771582	 0.01169580	 0.14771582	]]
[[0.00000000	 1.86020995	 0.00000000	]
 [1.86020995	 0.00000000	 1.86020995	]
 [0.00000000	 1.86020995	 0.00000000	]]
0.23739468777334014
[[1.05163501	 0.00000000	]
 [1.24130799	 0.00000000	]
 [0.75022582	 0.66118169	]]


1
1.0
[0, 2]
[1.00000000	 0.00000000	]
[[0.05507804	 0.06719507	 0.05507804	]
 [0.06719507	 0.08213477	 0.06719507	]
 [0.05507804	 0.06719507	 0.05507804	]]
[[0.00000000	 5.00015116	 0.00000000	]
 [5.00015116	 0.00000000	 5.00015116	]
 [0.00000000	 5.00015116	 0.00000000	]]
0.09605772017818219
[[1.10838043	 0.00000000	]
 [0.88224005	 0.00000000	]
 [0.76664535	 0.64207079	]]


1
1.0
[0, 2]
[1.00000000	 0.00000000	]
[[0.13533196	 -0.01486202	 0.13533196	]
 [-0.01486202	 0.44365705	 -0.01486202	]
 [0.13533196	 -0.01486202	 0.13533196	]]
[[0.00000000	 0.12995378	 0.00000000	]
 [0.12995378	 0.00000000	 0.12995378	]
 [0.00000000	 0.12995378	 0.00000000	]]
0.23550822385049272
[[1.05937413	 0.00000000	]
 [1.14413789	 0.00000000	]
 [0.75257331	 0.65850847	]]


1
1.0
[0, 2]
[1.00000000	 0.00000000	]
[[0.07721842	 -0.03012018	 0.07721842	]
 [-0.03012018	 0.49285865	 -0.03012018	]
 [0.07721842	 -0.03012018	 0.07721842	]]
[[0.00000000	 1.82822477	 0.00000000	]
 [1.82822477	 0.00000000	 1.82822477	]
 [0.00000000	 1.82822477	 0.00000000	]]
0.22691708351586742
[[1.09505549	 0.00000000	]
 [1.25142572	 0.00000000	]
 [0.76295027	 0.64645718	]]


1
1.0
[0, 2]
[1.00000000	 0.00000000	]
[[0.03692896	 0.00584790	 0.03692896	]
 [0.00584790	 0.55678326	 0.00584790	]
 [0.03692896	 0.00584790	 0.03692896	]]
[[0.00000000	 1.86020995	 0.00000000	]
 [1.86020995	 0.00000000	 1.86020995	]
 [0.00000000	 1.86020995	 0.00000000	]]
0.102898303047742
[[1.11919504	 0.00000000	]
 [1.36265342	 0.00000000	]
 [0.76957560	 0.63855571	]]


1
1.0
[0, 2]
[1.00000000	 0.00000000	]
[[0.01376951	 0.03359754	 0.01376951	]
 [0.03359754	 0.08213477	 0.03359754	]
 [0.01376951	 0.03359754	 0.01376951	]]
[[0.00000000	 5.00015116	 0.00000000	]
 [5.00015116	 0.00000000	 5.00015116	]
 [0.00000000	 5.00015116	 0.00000000	]]
0.10805965552605218
[[1.13285556	 0.00000000	]
 [1.10548374	 0.00000000	]
 [0.77319155	 0.63417255	]]


1
1.0
[0, 2]
[1.00000000	 0.00000000	]
[[0.03383299	 -0.00743101	 0.03383299	]
 [-0.00743101	 0.44365705	 -0.00743101	]
 [0.03383299	 -0.00743101	 0.03383299	]]
[[0.00000000	 0.12995378	 0.00000000	]
 [0.12995378	 0.00000000	 0.12995378	]
 [0.00000000	 0.12995378	 0.00000000	]]
0.19529643169310942
[[1.12103023	 0.00000000	]
 [1.39668796	 0.00000000	]
 [0.77006686	 0.63796319	]]


1
1.0
[0, 2]
[1.00000000	 0.00000000	]
[[0.01930461	 -0.01506009	 0.01930461	]
 [-0.01506009	 0.49285865	 -0.01506009	]
 [0.01930461	 -0.01506009	 0.01930461	]]
[[0.00000000	 1.82822477	 0.00000000	]
 [1.82822477	 0.00000000	 1.82822477	]
 [0.00000000	 1.82822477	 0.00000000	]]
0.10679316468438868
[[1.12960485	 0.00000000	]
 [1.03560113	 0.00000000	]
 [0.77233958	 0.63520986	]]


1
1.0
[0, 2]
[1.00000000	 0.00000000	]
[[0.05837588	 0.02301689	 0.05837588	]
 [0.02301689	 0.75348620	 0.02301689	]
 [0.05837588	 0.02301689	 0.05837588	]]
[[0.00000000	 0.20195104	 0.00000000	]
 [0.20195104	 0.00000000	 0.20195104	]
 [0.00000000	 0.20195104	 0.00000000	]]
0.18885019766561822
[[1.10640490	 0.00000000	]
 [1.16585150	 0.00000000	]
 [0.76610349	 0.64271724	]]


1
1.0
[0, 2]
[1.00000000	 0.00000000	]
[[0.01301023	 -0.00800898	 0.01301023	]
 [-0.00800898	 0.91716632	 -0.00800898	]
 [0.01301023	 -0.00800898	 0.01301023	]]
[[0.00000000	 0.59613476	 0.00000000	]
 [0.59613476	 0.00000000	 0.59613476	]
 [0.00000000	 0.59613476	 0.00000000	]]
0.1502689551442351
[[1.13330079	 0.00000000	]
 [1.07562475	 0.00000000	]
 [0.77330783	 0.63403075	]]


1
1.0
[0, 2]
[1.00000000	 0.00000000	]
[[0.00297699	 -0.01694013	 0.00297699	]
 [-0.01694013	 0.81529388	 -0.01694013	]
 [0.00297699	 -0.01694013	 0.00297699	]]
[[0.00000000	 1.08323882	 0.00000000	]
 [1.08323882	 0.00000000	 1.08323882	]
 [0.00000000	 1.08323882	 0.00000000	]]
0.12323310118522225
[[1.13916854	 0.00000000	]
 [1.21505465	 0.00000000	]
 [0.77483118	 0.63216820	]]


1
1.0
[0, 2]
[1.00000000	 0.00000000	]
[[0.06112431	 0.00012400	 0.06112431	]
 [0.00012400	 0.53849643	 0.00012400	]
 [0.06112431	 0.00012400	 0.06112431	]]
[[0.00000000	 4.65033299	 0.00000000	]
 [4.65033299	 0.00000000	 4.65033299	]
 [0.00000000	 4.65033299	 0.00000000	]]
0.09438652962873972
[[1.10475603	 0.00000000	]
 [1.16716641	 0.00000000	]
 [0.76564965	 0.64325782	]]


1
0.1
[0, 2]
[1.00000000	 0.00000000	]
[[0.06112431	 0.00012400	 0.06112431	]
 [0.00012400	 0.53849643	 0.00012400	]
 [0.06112431	 0.00012400	 0.06112431	]]
[[0.00000000	 4.65033299	 0.00000000	]
 [4.65033299	 0.00000000	 4.65033299	]
 [0.00000000	 4.65033299	 0.00000000	]]
0.03251266931419029
[[0.77342881	 0.00000000	]
 [1.39597712	 0.00000000	]
 [0.21127732	 0.23529108	]]


1
10.0
[0, 2]
[1.00000000	 0.00000000	]
[[0.06112431	 0.00012400	 0.06112431	]
 [0.00012400	 0.53849643	 0.00012400	]
 [0.06112431	 0.00012400	 0.06112431	]]
[[0.00000000	 4.65033299	 0.00000000	]
 [4.65033299	 0.00000000	 4.65033299	]
 [0.00000000	 4.65033299	 0.00000000	]]
0.04192600267419072
[[3.00020274	 0.00000000	]
 [2.87946195	 0.00000000	]
 [3.00002895	 0.99991314	]]


1
10.0
[0, 2]
[1.00000000	 0.00000000	]
[[0.03692896	 0.00584790	 0.03692896	]
 [0.00584790	 0.55678326	 0.00584790	]
 [0.03692896	 0.00584790	 0.03692896	]]
[[0.00000000	 1.86020995	 0.00000000	]
 [1.86020995	 0.00000000	 1.86020995	]
 [0.00000000	 1.86020995	 0.00000000	]]
0.428843721516915
[[3.00020797	 0.00000000	]
 [3.31175086	 0.00000000	]
 [3.00002970	 0.99991091	]]


1
10.0
[0, 2]
[1.00000000	 0.00000000	]
[[0.01376951	 0.03359754	 0.01376951	]
 [0.03359754	 0.08213477	 0.03359754	]
 [0.01376951	 0.03359754	 0.01376951	]]
[[0.00000000	 5.00015116	 0.00000000	]
 [5.00015116	 0.00000000	 5.00015116	]
 [0.00000000	 5.00015116	 0.00000000	]]
0.4288428026269109
[[3.00021297	 0.00000000	]
 [3.01957490	 0.00000000	]
 [3.00003041	 0.99990876	]]


1
10.0
[0, 2]
[1.00000000	 0.00000000	]
[[0.03383299	 -0.00743101	 0.03383299	]
 [-0.00743101	 0.44365705	 -0.00743101	]
 [0.03383299	 -0.00743101	 0.03383299	]]
[[0.00000000	 0.12995378	 0.00000000	]
 [0.12995378	 0.00000000	 0.12995378	]
 [0.00000000	 0.12995378	 0.00000000	]]
0.42884359867858507
[[3.00020863	 0.00000000	]
 [2.32205045	 0.00000000	]
 [3.00002979	 0.99991062	]]


1
10.0
[0, 2]
[1.00000000	 0.00000000	]
[[0.01930461	 -0.01506009	 0.01930461	]
 [-0.01506009	 0.49285865	 -0.01506009	]
 [0.01930461	 -0.01506009	 0.01930461	]]
[[0.00000000	 1.82822477	 0.00000000	]
 [1.82822477	 0.00000000	 1.82822477	]
 [0.00000000	 1.82822477	 0.00000000	]]
0.4288430222401618
[[3.00021179	 0.00000000	]
 [2.92890847	 0.00000000	]
 [3.00003024	 0.99990927	]]


1
3.0
[0, 2]
[1.00000000	 0.00000000	]
[[0.01930461	 -0.01506009	 0.01930461	]
 [-0.01506009	 0.49285865	 -0.01506009	]
 [0.01930461	 -0.01506009	 0.01930461	]]
[[0.00000000	 1.82822477	 0.00000000	]
 [1.82822477	 0.00000000	 1.82822477	]
 [0.00000000	 1.82822477	 0.00000000	]]
0.3905813991138582
[[1.55913236	 0.00000000	]
 [1.57666954	 0.00000000	]
 [1.46719238	 0.92051427	]]


1
3.0
[0, 2]
[10.00000000	 0.00000000	]
[[0.01930461	 -0.01506009	 0.01930461	]
 [-0.01506009	 0.49285865	 -0.01506009	]
 [0.01930461	 -0.01506009	 0.01930461	]]
[[0.00000000	 1.82822477	 0.00000000	]
 [1.82822477	 0.00000000	 1.82822477	]
 [0.00000000	 1.82822477	 0.00000000	]]
0.5379553729636015
[[1.48074200	 0.00000000	]
 [0.86503414	 0.00000000	]
 [1.45829249	 0.93454963	]]


1
3.0
[0, 2]
[10.00000000	 0.00000000	]
[[0.05837588	 0.02301689	 0.05837588	]
 [0.02301689	 0.75348620	 0.02301689	]
 [0.05837588	 0.02301689	 0.05837588	]]
[[0.00000000	 0.20195104	 0.00000000	]
 [0.20195104	 0.00000000	 0.20195104	]
 [0.00000000	 0.20195104	 0.00000000	]]
0.5395082772818822
[[1.47806008	 0.00000000	]
 [1.93706197	 0.00000000	]
 [1.45676590	 0.93692748	]]


1
3.0
[0, 2]
[10.00000000	 0.00000000	]
[[0.01301023	 -0.00800898	 0.01301023	]
 [-0.00800898	 0.91716632	 -0.00800898	]
 [0.01301023	 -0.00800898	 0.01301023	]]
[[0.00000000	 0.59613476	 0.00000000	]
 [0.59613476	 0.00000000	 0.59613476	]
 [0.00000000	 0.59613476	 0.00000000	]]
0.5377056060489029
[[1.48117508	 0.00000000	]
 [1.58058172	 0.00000000	]
 [1.45853690	 0.93416813	]]


1
3.0
[0, 2]
[10.00000000	 0.00000000	]
[[0.00297699	 -0.01694013	 0.00297699	]
 [-0.01694013	 0.81529388	 -0.01694013	]
 [0.00297699	 -0.01694013	 0.00297699	]]
[[0.00000000	 1.08323882	 0.00000000	]
 [1.08323882	 0.00000000	 1.08323882	]
 [0.00000000	 1.08323882	 0.00000000	]]
0.5373077094734909
[[1.48186602	 0.00000000	]
 [1.05650814	 0.00000000	]
 [1.45892563	 0.93356093	]]


1
3.0
[0, 2]
[10.00000000	 0.00000000	]
[[0.06112431	 0.00012400	 0.06112431	]
 [0.00012400	 0.53849643	 0.00012400	]
 [0.06112431	 0.00012400	 0.06112431	]]
[[0.00000000	 4.65033299	 0.00000000	]
 [4.65033299	 0.00000000	 4.65033299	]
 [0.00000000	 4.65033299	 0.00000000	]]
0.5396176780157745
[[1.47787182	 0.00000000	]
 [-1.85230756	 0.00000000	]
 [1.45665790	 0.93709538	]]


1
1.0
[0, 2]
[10.00000000	 0.00000000	]
[[0.06112431	 0.00012400	 0.06112431	]
 [0.00012400	 0.53849643	 0.00012400	]
 [0.06112431	 0.00012400	 0.06112431	]]
[[0.00000000	 4.65033299	 0.00000000	]
 [4.65033299	 0.00000000	 4.65033299	]
 [0.00000000	 4.65033299	 0.00000000	]]
0.33211397453398345
[[0.88606450	 0.00000000	]
 [-0.53022453	 0.00000000	]
 [0.74997507	 0.66146609	]]


1
1.0
[0, 2]
[10.00000000	 0.00000000	]
[[0.00649726	 0.02729333	 0.00649726	]
 [0.02729333	 0.14017097	 0.02729333	]
 [0.00649726	 0.02729333	 0.00649726	]]
[[0.00000000	 1.00015604	 0.00000000	]
 [1.00015604	 0.00000000	 1.00015604	]
 [0.00000000	 1.00015604	 0.00000000	]]
0.32038579508189363
[[0.92048109	 0.00000000	]
 [-0.99489206	 0.00000000	]
 [0.76174297	 0.64787935	]]


1
1.0
[0, 2]
[10.00000000	 0.00000000	]
[[0.00968861	 0.02124268	 0.00968861	]
 [0.02124268	 0.47458500	 0.02124268	]
 [0.00968861	 0.02124268	 0.00968861	]]
[[0.00000000	 0.08447895	 0.00000000	]
 [0.08447895	 0.00000000	 0.08447895	]
 [0.00000000	 0.08447895	 0.00000000	]]
0.3210612942306463
[[0.91842448	 0.00000000	]
 [1.07154605	 0.00000000	]
 [0.76108431	 0.64865297	]]


1
1.0
[0, 2]
[10.00000000	 0.00000000	]
[[0.02851522	 0.02472568	 0.02851522	]
 [0.02472568	 0.26706013	 0.02472568	]
 [0.02851522	 0.02472568	 0.02851522	]]
[[0.00000000	 0.37983497	 0.00000000	]
 [0.37983497	 0.00000000	 0.37983497	]
 [0.00000000	 0.37983497	 0.00000000	]]
0.3250710526878918
[[0.90640735	 0.00000000	]
 [0.73047260	 0.00000000	]
 [0.75712633	 0.65326849	]]


1
1.0
[0, 2]
[10.00000000	 0.00000000	]
[[0.03033822	 -0.00025167	 0.03033822	]
 [-0.00025167	 0.42021915	 -0.00025167	]
 [0.03033822	 -0.00025167	 0.03033822	]]
[[0.00000000	 4.14337317	 0.00000000	]
 [4.14337317	 0.00000000	 4.14337317	]
 [0.00000000	 4.14337317	 0.00000000	]]
0.3254615493533489
[[0.90525427	 0.00000000	]
 [-0.67163380	 0.00000000	]
 [0.75673647	 0.65372006	]]


1
1.0
[0, 2]
[10.00000000	 0.00000000	]
[[0.01645797	 -0.00046021	 0.01645797	]
 [-0.00046021	 0.53372686	 -0.00046021	]
 [0.01645797	 -0.00046021	 0.01645797	]]
[[0.00000000	 1.33266640	 0.00000000	]
 [1.33266640	 0.00000000	 1.33266640	]
 [0.00000000	 1.33266640	 0.00000000	]]
0.3224981940325325
[[0.91408077	 0.00000000	]
 [1.37106321	 0.00000000	]
 [0.75967543	 0.65030242	]]


1
1.0
[0, 2]
[10.00000000	 0.00000000	]
[[0.06034966	 0.00116887	 0.06034966	]
 [0.00116887	 0.82443322	 0.00116887	]
 [0.06034966	 0.00116887	 0.06034966	]]
[[0.00000000	 2.14961647	 0.00000000	]
 [2.14961647	 0.00000000	 2.14961647	]
 [0.00000000	 2.14961647	 0.00000000	]]
0.33194526437850747
[[0.88654082	 0.00000000	]
 [0.69390848	 0.00000000	]
 [0.75014935	 0.66126844	]]


1
1.0
[0, 2]
[1.00000000	 0.00000000	]
[[0.06034966	 0.00116887	 0.06034966	]
 [0.00116887	 0.82443322	 0.00116887	]
 [0.06034966	 0.00116887	 0.06034966	]]
[[0.00000000	 2.14961647	 0.00000000	]
 [2.14961647	 0.00000000	 2.14961647	]
 [0.00000000	 2.14961647	 0.00000000	]]
0.22450208097075006
[[1.10522099	 0.00000000	]
 [1.21792114	 0.00000000	]
 [0.76577777	 0.64310529	]]


1
1.0
[0, 2]
[1.00000000	 0.00000000	]
[[0.00090599	 -0.01857380	 0.00090599	]
 [-0.01857380	 0.86397883	 -0.01857380	]
 [0.00090599	 -0.01857380	 0.00090599	]]
[[0.00000000	 2.16723471	 0.00000000	]
 [2.16723471	 0.00000000	 2.16723471	]
 [0.00000000	 2.16723471	 0.00000000	]]
0.2162637767141525
[[1.14037614	 0.00000000	]
 [0.96495684	 0.00000000	]
 [0.77514260	 0.63178632	]]


1
1.0
[0, 2]
[1.00000000	 0.00000000	]
[[0.02174820	 0.01577865	 0.02174820	]
 [0.01577865	 0.06793047	 0.01577865	]
 [0.02174820	 0.01577865	 0.02174820	]]
[[0.00000000	 0.42459975	 0.00000000	]
 [0.42459975	 0.00000000	 0.42459975	]
 [0.00000000	 0.42459975	 0.00000000	]]
0.2191048471470108
[[1.12816692	 0.00000000	]
 [1.22708085	 0.00000000	]
 [0.77196104	 0.63566985	]]


1
0.5
[0, 2]
[1.00000000	 0.00000000	]
[[0.02174820	 0.01577865	 0.02174820	]
 [0.01577865	 0.06793047	 0.01577865	]
 [0.02174820	 0.01577865	 0.02174820	]]
[[0.00000000	 0.42459975	 0.00000000	]
 [0.42459975	 0.00000000	 0.42459975	]
 [0.00000000	 0.42459975	 0.00000000	]]
0.12446772783348423
[[1.01805826	 0.00000000	]
 [1.00650961	 0.00000000	]
 [0.52742157	 0.47098459	]]


1
0.5
[0, 2]
[1.00000000	 0.00000000	]
[[0.02365061	 0.05986444	 0.02365061	]
 [0.05986444	 0.21789359	 0.05986444	]
 [0.02365061	 0.05986444	 0.02365061	]]
[[0.00000000	 2.74373444	 0.00000000	]
 [2.74373444	 0.00000000	 2.74373444	]
 [0.00000000	 2.74373444	 0.00000000	]]
0.12476598529403307
[[1.01615260	 0.00000000	]
 [0.83464950	 0.00000000	]
 [0.52703040	 0.47142227	]]


1
0.5
[0, 2]
[0.10000000	 0.00000000	]
[[0.02365061	 0.05986444	 0.02365061	]
 [0.05986444	 0.21789359	 0.05986444	]
 [0.02365061	 0.05986444	 0.02365061	]]
[[0.00000000	 2.74373444	 0.00000000	]
 [2.74373444	 0.00000000	 2.74373444	]
 [0.00000000	 2.74373444	 0.00000000	]]
0.04959910765971365
[[1.12101034	 0.00000000	]
 [0.45588601	 0.00000000	]
 [0.53064685	 0.46734775	]]


1
0.5
[0, 2]
[0.10000000	 0.00000000	]
[[0.00629663	 0.01365092	 0.00629663	]
 [0.01365092	 0.15867504	 0.01365092	]
 [0.00629663	 0.01365092	 0.00629663	]]
[[0.00000000	 4.54070911	 0.00000000	]
 [4.54070911	 0.00000000	 4.54070911	]
 [0.00000000	 4.54070911	 0.00000000	]]
0.04859376421665747
[[1.13609829	 0.00000000	]
 [0.18180864	 0.00000000	]
 [0.53368304	 0.46387759	]]


1
0.5
[0, 2]
[0.10000000	 0.00000000	]
[[0.01839586	 0.06409287	 0.01839586	]
 [0.06409287	 0.76610796	 0.06409287	]
 [0.01839586	 0.06409287	 0.01839586	]]
[[0.00000000	 4.45536651	 0.00000000	]
 [4.45536651	 0.00000000	 4.45536651	]
 [0.00000000	 4.45536651	 0.00000000	]]
0.04929210193334037
[[1.12559904	 0.00000000	]
 [0.58251811	 0.00000000	]
 [0.53157767	 0.46628873	]]


1
0.5
[0, 2]
[0.10000000	 0.00000000	]
[[0.01035693	 -0.01183264	 0.01035693	]
 [-0.01183264	 0.21935870	 -0.01183264	]
 [0.01035693	 -0.01183264	 0.01035693	]]
[[0.00000000	 0.31524662	 0.00000000	]
 [0.31524662	 0.00000000	 0.31524662	]
 [0.00000000	 0.31524662	 0.00000000	]]
0.048826795020848926
[[1.13258516	 0.00000000	]
 [1.20475231	 0.00000000	]
 [0.53298232	 0.46468253	]]


1
0.5
[0, 2]
[0.10000000	 0.00000000	]
[[0.05145336	 -0.00562564	 0.05145336	]
 [-0.00562564	 0.88411440	 -0.00562564	]
 [0.05145336	 -0.00562564	 0.05145336	]]
[[0.00000000	 0.47338265	 0.00000000	]
 [0.47338265	 0.00000000	 0.47338265	]
 [0.00000000	 0.47338265	 0.00000000	]]
0.0512618232124043
[[1.09643258	 0.00000000	]
 [1.11143417	 0.00000000	]
 [0.52554841	 0.47307385	]]


1
0.1
[0, 2]
[0.10000000	 0.00000000	]
[[0.05145336	 -0.00562564	 0.05145336	]
 [-0.00562564	 0.88411440	 -0.00562564	]
 [0.05145336	 -0.00562564	 0.05145336	]]
[[0.00000000	 0.47338265	 0.00000000	]
 [0.47338265	 0.00000000	 0.47338265	]
 [0.00000000	 0.47338265	 0.00000000	]]
0.011995786142121692
[[0.93059560	 0.00000000	]
 [1.06602555	 0.00000000	]
 [0.21755380	 0.22950020	]]


1
0.1
[0, 2]
[0.00000000	 0.10000000	]
[[0.03026095	 0.08273824	 0.03026095	]
 [0.08273824	 0.25840740	 0.08273824	]
 [0.03026095	 0.08273824	 0.03026095	]]
[[0.00000000	 0.00350841	 0.00000000	]
 [0.00350841	 0.00000000	 0.00350841	]
 [0.00000000	 0.00350841	 0.00000000	]]
0.013350370714418712
[[1.14907724	 0.00000000	]
 [0.86290705	 0.00000000	]
 [0.20851497	 0.23774253	]]


1
0.1
[0, 2]
[0.10000000	 0.00000000	]
[[0.04760663	 0.04559035	 0.04760663	]
 [0.04559035	 0.51801397	 0.04559035	]
 [0.04760663	 0.04559035	 0.04760663	]]
[[0.00000000	 1.88073997	 0.00000000	]
 [1.88073997	 0.00000000	 1.88073997	]
 [0.00000000	 1.88073997	 0.00000000	]]
0.011830464961505596
[[0.93928180	 0.00000000	]
 [-1.52272926	 0.00000000	]
 [0.21859027	 0.22851323	]]


1
0.1
[0, 2]
[0.10000000	 0.00000000	]
[[0.04134077	 -0.04963913	 0.04134077	]
 [-0.04963913	 0.38640326	 -0.04963913	]
 [0.04134077	 -0.04963913	 0.04134077	]]
[[0.00000000	 0.41110535	 0.00000000	]
 [0.41110535	 0.00000000	 0.41110535	]
 [0.00000000	 0.41110535	 0.00000000	]]
0.011565591061857798
[[0.95336190	 0.00000000	]
 [-0.84495357	 0.00000000	]
 [0.22024117	 0.22692252	]]


1
0.1
[0, 2]
[0.10000000	 0.00000000	]
[[0.02318242	 0.04619025	 0.02318242	]
 [0.04619025	 0.94188401	 0.04619025	]
 [0.02318242	 0.04619025	 0.02318242	]]
[[0.00000000	 4.40683219	 0.00000000	]
 [4.40683219	 0.00000000	 4.40683219	]
 [0.00000000	 4.40683219	 0.00000000	]]
0.010828114685623719
[[0.99370946	 0.00000000	]
 [5.76879050	 0.00000000	]
 [0.22477870	 0.22242872	]]


1
1.0
[0, 2]
[0.10000000	 0.00000000	]
[[0.02318242	 0.04619025	 0.02318242	]
 [0.04619025	 0.94188401	 0.04619025	]
 [0.02318242	 0.04619025	 0.02318242	]]
[[0.00000000	 4.40683219	 0.00000000	]
 [4.40683219	 0.00000000	 4.40683219	]
 [0.00000000	 4.40683219	 0.00000000	]]
0.08860134071144127
[[1.22364139	 0.00000000	]
 [0.95502725	 0.00000000	]
 [0.77741593	 0.62898686	]]


1
1.0
[0, 2]
[0.01000000	 0.00000000	]
[[0.02318242	 0.04619025	 0.02318242	]
 [0.04619025	 0.94188401	 0.04619025	]
 [0.02318242	 0.04619025	 0.02318242	]]
[[0.00000000	 4.40683219	 0.00000000	]
 [4.40683219	 0.00000000	 4.40683219	]
 [0.00000000	 4.40683219	 0.00000000	]]
0.02898396803112026
[[1.23805298	 0.00000000	]
 [1.27089297	 0.00000000	]
 [0.77825162	 0.62795256	]]


1
1.0
[0, 2]
[0.01000000	 0.00000000	]
[[0.01571044	 0.01060129	 0.01571044	]
 [0.01060129	 0.21338320	 0.01060129	]
 [0.01571044	 0.01060129	 0.01571044	]]
[[0.00000000	 0.63778945	 0.00000000	]
 [0.63778945	 0.00000000	 0.63778945	]
 [0.00000000	 0.63778945	 0.00000000	]]
0.0288529275179152
[[1.24205448	 0.00000000	]
 [1.14238353	 0.00000000	]
 [0.77923985	 0.62672582	]]


1
1.0
[0, 2]
[0.01000000	 0.00000000	]
[[0.04803937	 -0.00065384	 0.04803937	]
 [-0.00065384	 0.78888855	 -0.00065384	]
 [0.04803937	 -0.00065384	 0.04803937	]]
[[0.00000000	 4.56775041	 0.00000000	]
 [4.56775041	 0.00000000	 4.56775041	]
 [0.00000000	 4.56775041	 0.00000000	]]
0.02942649582399227
[[1.22459082	 0.00000000	]
 [1.95890185	 0.00000000	]
 [0.77488386	 0.63210363	]]


1
1.0
[0, 2]
[0.10000000	 0.00000000	]
[[0.19215746	 -0.00130768	 0.19215746	]
 [-0.00130768	 0.78888855	 -0.00130768	]
 [0.19215746	 -0.00130768	 0.19215746	]]
[[0.00000000	 0.04567750	 0.00000000	]
 [0.04567750	 0.00000000	 0.04567750	]
 [0.00000000	 0.04567750	 0.00000000	]]
0.09849564205075281
[[1.12605789	 0.00000000	]
 [1.48255787	 0.00000000	]
 [0.75114926	 0.66013240	]]


1
1.0
[0, 2]
[1.00000000	 0.00000000	]
[[0.19215746	 -0.00130768	 0.19215746	]
 [-0.00130768	 0.78888855	 -0.00130768	]
 [0.19215746	 -0.00130768	 0.19215746	]]
[[0.00000000	 0.04567750	 0.00000000	]
 [0.04567750	 0.00000000	 0.04567750	]
 [0.00000000	 0.04567750	 0.00000000	]]
0.24433089550427897
[[1.02345594	 0.00000000	]
 [1.13391731	 0.00000000	]
 [0.74137093	 0.67109548	]]


1
1.0
[0, 2]
[1.00000000	 0.00000000	]
[[0.19683515	 0.03236465	 0.19683515	]
 [0.03236465	 0.81605988	 0.03236465	]
 [0.19683515	 0.03236465	 0.19683515	]]
[[0.00000000	 0.02525426	 0.00000000	]
 [0.02525426	 0.00000000	 0.02525426	]
 [0.00000000	 0.02525426	 0.00000000	]]
0.245076347819627
[[1.02045223	 0.00000000	]
 [1.34216846	 0.00000000	]
 [0.74039780	 0.67216895	]]


1
1.0
[0, 2]
[1.00000000	 0.00000000	]
[[0.09735706	 -0.02323303	 0.09735706	]
 [-0.02323303	 0.13313122	 -0.02323303	]
 [0.09735706	 -0.02323303	 0.09735706	]]
[[0.00000000	 0.01495210	 0.00000000	]
 [0.01495210	 0.00000000	 0.01495210	]
 [0.00000000	 0.01495210	 0.00000000	]]
0.2298461311448044
[[1.08280754	 0.00000000	]
 [1.16304178	 0.00000000	]
 [0.75946901	 0.65054348	]]


1
1.0
[0, 2]
[1.00000000	 0.00000000	]
[[0.03960983	 -0.11348840	 0.03960983	]
 [-0.11348840	 0.67805425	 -0.11348840	]
 [0.03960983	 -0.11348840	 0.03960983	]]
[[0.00000000	 0.01262284	 0.00000000	]
 [0.01262284	 0.00000000	 0.01262284	]
 [0.00000000	 0.01262284	 0.00000000	]]
0.2215801546770188
[[1.11760366	 0.00000000	]
 [1.18025479	 0.00000000	]
 [0.76914821	 0.63907044	]]


1
1.0
[0, 2]
[1.00000000	 0.00000000	]
[[0.04133621	 0.01451859	 0.04133621	]
 [0.01451859	 0.66135381	 0.01451859	]
 [0.04133621	 0.01451859	 0.04133621	]]
[[0.00000000	 0.07795030	 0.00000000	]
 [0.07795030	 0.00000000	 0.07795030	]
 [0.00000000	 0.07795030	 0.00000000	]]
0.22182140521530438
[[1.11657777	 0.00000000	]
 [1.05293278	 0.00000000	]
 [0.76887199	 0.63940273	]]


1
1.0
[0, 2]
[1.00000000	 0.00000000	]
[[0.04133621	 0.01451859	 0.04133621	]
 [0.01451859	 0.66135381	 0.01451859	]
 [0.04133621	 0.01451859	 0.04133621	]]
[[0.00000000	 0.07795030	 0.00000000	]
 [0.07795030	 0.00000000	 0.07795030	]
 [0.00000000	 0.07795030	 0.00000000	]]
0.22182140521530352
[[1.11657777	 0.00000000	]
 [1.43225160	 0.00000000	]
 [0.76887199	 0.63940274	]]


1
1.0
[0, 2]
[1.00000000	 0.00000000	]
[[0.04255444	 -0.13691360	 0.04255444	]
 [-0.13691360	 0.80679455	 -0.13691360	]
 [0.04255444	 -0.13691360	 0.04255444	]]
[[0.00000000	 0.00006624	 0.00000000	]
 [0.00006624	 0.00000000	 0.00006624	]
 [0.00000000	 0.00006624	 0.00000000	]]
0.22199186110546532
[[1.11585330	 0.00000000	]
 [1.21356231	 0.00000000	]
 [0.76867661	 0.63963761	]]


1
1.0
[0, 2]
[1.00000000	 0.00000000	]
[[0.21706589	 -0.08271304	 0.21706589	]
 [-0.08271304	 0.64252177	 -0.08271304	]
 [0.21706589	 -0.08271304	 0.21706589	]]
[[0.00000000	 0.01775817	 0.00000000	]
 [0.01775817	 0.00000000	 0.01775817	]
 [0.00000000	 0.01775817	 0.00000000	]]
0.2483347545255218
[[1.00737641	 0.00000000	]
 [1.28999150	 0.00000000	]
 [0.73609383	 0.67687952	]]


1
1.0
[0, 3]
[1.00000000	 0.00000000	 0.00000000	]
[[0.04022619	 -0.08920277	 0.04259212	 0.04022619	]
 [-0.08920277	 0.74232911	 -0.01391262	 -0.08920277	]
 [0.04259212	 -0.01391262	 0.75072742	 0.04259212	]
 [0.04022619	 -0.08920277	 0.04259212	 0.04022619	]]
[[0.00000000	 0.01775817	 0.00864560	 0.00000000	]
 [0.01775817	 0.00000000	 0.00162232	 0.01775817	]
 [0.00864560	 0.00162232	 0.00000000	 0.00864560	]
 [0.00000000	 0.01775817	 0.00864560	 0.00000000	]]
0.22166624618964095
[[1.11723750	 0.00000000	]
 [2.07523633	 0.00000000	]
 [1.04995467	 0.00000000	]
 [0.76904968	 0.63918901	]]


1
1.0
[0, 3]
[1.00000000	 0.00000000	 0.00000000	]
[[0.11361247	 -0.20294992	 0.05226193	 0.11361247	]
 [-0.20294992	 0.39998789	 -0.11324672	 -0.20294992	]
 [0.05226193	 -0.11324672	 0.22065927	 0.05226193	]
 [0.11361247	 -0.20294992	 0.05226193	 0.11361247	]]
[[0.00000000	 0.01648982	 0.01479542	 0.00000000	]
 [0.01648982	 0.00000000	 0.00004592	 0.01648982	]
 [0.01479542	 0.00004592	 0.00000000	 0.01479542	]
 [0.00000000	 0.01648982	 0.01479542	 0.00000000	]]
0.2322473858579467
[[1.07283127	 0.00000000	]
 [23.65493389	 0.00000000	]
 [1.04140777	 0.00000000	]
 [0.75657172	 0.65391072	]]


1
1.0
[0, 3]
[1.00000000	 0.00000000	 0.00000000	]
[[0.06506444	 0.05887706	 -0.07181106	 0.06506444	]
 [0.05887706	 0.23986014	 -0.00856912	 0.05887706	]
 [-0.07181106	 -0.00856912	 0.11809267	 -0.07181106	]
 [0.06506444	 0.05887706	 -0.07181106	 0.06506444	]]
[[0.00000000	 0.00982385	 0.03258069	 0.00000000	]
 [0.00982385	 0.00000000	 0.00662366	 0.00982385	]
 [0.03258069	 0.00662366	 0.00000000	 0.03258069	]
 [0.00000000	 0.00982385	 0.03258069	 0.00000000	]]
0.2251735700015592
[[1.10238830	 0.00000000	]
 [1.10361429	 0.00000000	]
 [16.37299642	 0.00000000	]
 [0.76499542	 0.64403572	]]


1
1.0
[0, 3]
[0.89693169	 0.00000000	 0.10306831	]
[[0.07962159	 -0.12280856	 0.10346467	 0.07962159	]
 [-0.12280856	 0.60453094	 0.00641981	 -0.12280856	]
 [0.10346467	 0.00641981	 0.63200136	 0.10346467	]
 [0.07962159	 -0.12280856	 0.10346467	 0.07962159	]]
[[0.00000000	 0.02179003	 0.01262726	 0.00000000	]
 [0.02179003	 0.00000000	 0.00124210	 0.02179003	]
 [0.01262726	 0.00124210	 0.00000000	 0.01262726	]
 [0.00000000	 0.02179003	 0.01262726	 0.00000000	]]
0.22737798668957082
[[1.09401485	 0.00000000	]
 [-0.77473740	 0.00000000	]
 [1.08918833	 0.00000000	]
 [0.76221402	 0.64732510	]]


1
1.0
[0, 3]
[1.00000000	 0.00000000	 0.00000000	]
[[0.13228189	 -0.00151201	 0.09205515	 0.13228189	]
 [-0.00151201	 0.25530634	 -0.02112318	 -0.00151201	]
 [0.09205515	 -0.02112318	 0.29103648	 0.09205515	]
 [0.13228189	 -0.00151201	 0.09205515	 0.13228189	]]
[[0.00000000	 0.00713494	 0.01412032	 0.00000000	]
 [0.00713494	 0.00000000	 0.04132989	 0.00713494	]
 [0.01412032	 0.04132989	 0.00000000	 0.01412032	]
 [0.00000000	 0.00713494	 0.01412032	 0.00000000	]]
0.23504665069945918
[[1.06127278	 0.00000000	]
 [-38.14215234	 0.00000000	]
 [1.19982255	 0.00000000	]
 [0.75314382	 0.65785590	]]


1
1.0
[0, 3]
[1.00000000	 0.00000000	 0.00000000	]
[[0.10735922	 -0.13613444	 -0.00961055	 0.10735922	]
 [-0.13613444	 0.34463578	 -0.06940887	 -0.13613444	]
 [-0.00961055	 -0.06940887	 0.63367314	 -0.00961055	]
 [0.10735922	 -0.13613444	 -0.00961055	 0.10735922	]]
[[0.00000000	 0.00531108	 0.00160890	 0.00000000	]
 [0.00531108	 0.00000000	 0.00107362	 0.00531108	]
 [0.00160890	 0.00107362	 0.00000000	 0.00160890	]
 [0.00000000	 0.00531108	 0.00160890	 0.00000000	]]
0.23131970815659986
[[1.07667861	 0.00000000	]
 [-0.29651336	 0.00000000	]
 [1.55886554	 0.00000000	]
 [0.75769572	 0.65260800	]]


1
1.0
[0, 3]
[1.00000000	 0.00000000	 0.00000000	]
[[0.14495842	 0.04972264	 -0.00616669	 0.14495842	]
 [0.04972264	 0.23013863	 0.03803427	 0.04972264	]
 [-0.00616669	 0.03803427	 0.62974990	 -0.00616669	]
 [0.14495842	 0.04972264	 -0.00616669	 0.14495842	]]
[[0.00000000	 0.01773768	 0.00776089	 0.00000000	]
 [0.01773768	 0.00000000	 0.00203284	 0.01773768	]
 [0.00776089	 0.00203284	 0.00000000	 0.00776089	]
 [0.00000000	 0.01773768	 0.00776089	 0.00000000	]]
0.23697292076797646
[[1.05336240	 0.00000000	]
 [1.28735698	 0.00000000	]
 [0.35730273	 0.00000000	]
 [0.75075287	 0.66058317	]]


1
1.0
[0, 3]
[100.00000000	 0.00000000	 0.00000000	]
[[0.14495842	 0.04972264	 -0.00616669	 0.14495842	]
 [0.04972264	 0.23013863	 0.03803427	 0.04972264	]
 [-0.00616669	 0.03803427	 0.62974990	 -0.00616669	]
 [0.14495842	 0.04972264	 -0.00616669	 0.14495842	]]
[[0.00000000	 0.01773768	 0.00776089	 0.00000000	]
 [0.01773768	 0.00000000	 0.00203284	 0.01773768	]
 [0.00776089	 0.00203284	 0.00000000	 0.00776089	]
 [0.00000000	 0.01773768	 0.00776089	 0.00000000	]]
0.3783676171510609
[[0.73333953	 0.00000000	]
 [-0.26374166	 0.00000000	]
 [-0.76000683	 0.00000000	]
 [0.71794208	 0.69610284	]]


1
1.0
[0, 3]
[100.00000000	 0.00000000	 0.00000000	]
[[0.13038724	 0.00023109	 0.00893015	 0.13038724	]
 [0.00023109	 0.58166246	 0.04715699	 0.00023109	]
 [0.00893015	 0.04715699	 0.48821356	 0.00893015	]
 [0.13038724	 0.00023109	 0.00893015	 0.13038724	]]
[[0.00000000	 0.01401190	 0.02403017	 0.00000000	]
 [0.01401190	 0.00000000	 0.00134284	 0.01401190	]
 [0.02403017	 0.00134284	 0.00000000	 0.02403017	]
 [0.00000000	 0.01401190	 0.02403017	 0.00000000	]]
0.37494630217569236
[[0.73836737	 0.00000000	]
 [-0.02130986	 0.00000000	]
 [-25.58276822	 0.00000000	]
 [0.72193747	 0.69195830	]]


1
1.0
[0, 3]
[100.00000000	 0.00000000	 0.00000000	]
[[0.09653750	 -0.00884516	 0.04527551	 0.09653750	]
 [-0.00884516	 0.48952244	 -0.03527751	 -0.00884516	]
 [0.04527551	 -0.03527751	 0.40498997	 0.04527551	]
 [0.09653750	 -0.00884516	 0.04527551	 0.09653750	]]
[[0.00000000	 0.00231757	 0.00005938	 0.00000000	]
 [0.00231757	 0.00000000	 0.00311889	 0.00231757	]
 [0.00005938	 0.00311889	 0.00000000	 0.00005938	]
 [0.00000000	 0.00231757	 0.00005938	 0.00000000	]]
0.3670382659914663
[[0.75021792	 0.00000000	]
 [-1.41877297	 0.00000000	]
 [5.33735914	 0.00000000	]
 [0.73098544	 0.68239306	]]


1
1.0
[0, 3]
[100.00000000	 0.00000000	 0.00000000	]
[[0.15538775	 -0.07133432	 -0.06942859	 0.15538775	]
 [-0.07133432	 0.81327664	 -0.20131186	 -0.07133432	]
 [-0.06942859	 -0.20131186	 0.34206658	 -0.06942859	]
 [0.15538775	 -0.07133432	 -0.06942859	 0.15538775	]]
[[0.00000000	 0.00141046	 0.00271691	 0.00000000	]
 [0.00141046	 0.00000000	 0.00021223	 0.00141046	]
 [0.00271691	 0.00021223	 0.00000000	 0.00271691	]
 [0.00000000	 0.00141046	 0.00271691	 0.00000000	]]
0.3808228127761984
[[0.72975627	 0.00000000	]
 [-3.24193892	 0.00000000	]
 [-1.98228555	 0.00000000	]
 [0.71504395	 0.69907951	]]


1
1.0
[0, 3]
[99.81729221	 0.18270779	 0.00000000	]
[[0.03729997	 -0.01227844	 0.00209903	 0.03729997	]
 [-0.01227844	 0.06749615	 0.01517171	 -0.01227844	]
 [0.00209903	 0.01517171	 0.15340076	 0.00209903	]
 [0.03729997	 -0.01227844	 0.00209903	 0.03729997	]]
[[0.00000000	 0.00403198	 0.00022793	 0.00000000	]
 [0.00403198	 0.00000000	 0.00617722	 0.00403198	]
 [0.00022793	 0.00617722	 0.00000000	 0.00022793	]
 [0.00000000	 0.00403198	 0.00022793	 0.00000000	]]
0.353333320886902
[[0.77314051	 0.00000000	]
 [-0.91034917	 0.00000000	]
 [-0.05927255	 0.00000000	]
 [0.74606562	 0.66587243	]]


1
1.0
[0, 3]
[99.81729284	 0.18270716	 0.00000000	]
[[0.03729997	 -0.01227844	 0.00209903	 0.03729997	]
 [-0.01227844	 0.06749615	 0.01517171	 -0.01227844	]
 [0.00209903	 0.01517171	 0.15340076	 0.00209903	]
 [0.03729997	 -0.01227844	 0.00209903	 0.03729997	]]
[[0.00000000	 0.00403198	 0.00022793	 0.00000000	]
 [0.00403198	 0.00000000	 0.00617722	 0.00403198	]
 [0.00022793	 0.00617722	 0.00000000	 0.00022793	]
 [0.00000000	 0.00403198	 0.00022793	 0.00000000	]]
0.35333332088690206
[[0.77314051	 0.00000000	]
 [-0.91034957	 0.00000000	]
 [-0.37343143	 0.00000000	]
 [0.74606562	 0.66587243	]]


1
1.0
[0, 3]
[10.00000000	 0.00000000	 0.00000000	]
[[0.03729997	 -0.01227844	 0.00209903	 0.03729997	]
 [-0.01227844	 0.06749615	 0.01517171	 -0.01227844	]
 [0.00209903	 0.01517171	 0.15340076	 0.00209903	]
 [0.03729997	 -0.01227844	 0.00209903	 0.03729997	]]
[[0.00000000	 0.00403198	 0.00022793	 0.00000000	]
 [0.00403198	 0.00000000	 0.00617722	 0.00403198	]
 [0.00022793	 0.00617722	 0.00000000	 0.00022793	]
 [0.00000000	 0.00403198	 0.00022793	 0.00000000	]]
0.3269563605548594
[[0.90086808	 0.00000000	]
 [-1.21983346	 0.00000000	]
 [-1.18700208	 0.00000000	]
 [0.75523690	 0.65545192	]]


1
1.0
[0, 3]
[199.73590480	 0.26409520	 0.00000000	]
[[0.03729997	 -0.01227844	 0.00209903	 0.03729997	]
 [-0.01227844	 0.06749615	 0.01517171	 -0.01227844	]
 [0.00209903	 0.01517171	 0.15340076	 0.00209903	]
 [0.03729997	 -0.01227844	 0.00209903	 0.03729997	]]
[[0.00000000	 0.00403198	 0.00022793	 0.00000000	]
 [0.00403198	 0.00000000	 0.00617722	 0.00403198	]
 [0.00022793	 0.00617722	 0.00000000	 0.00022793	]
 [0.00000000	 0.00403198	 0.00022793	 0.00000000	]]
0.3552104608255511
[[0.75963383	 0.00000000	]
 [-0.90279392	 0.00000000	]
 [-0.15975110	 0.00000000	]
 [0.74508565	 0.66696879	]]


1
2.0
[0, 3]
[100.00000000	 0.00000000	 0.00000000	]
[[0.03729997	 -0.01227844	 0.00209903	 0.03729997	]
 [-0.01227844	 0.06749615	 0.01517171	 -0.01227844	]
 [0.00209903	 0.01517171	 0.15340076	 0.00209903	]
 [0.03729997	 -0.01227844	 0.00209903	 0.03729997	]]
[[0.00000000	 0.00403198	 0.00022793	 0.00000000	]
 [0.00403198	 0.00000000	 0.00617722	 0.00403198	]
 [0.00022793	 0.00617722	 0.00000000	 0.00022793	]
 [0.00000000	 0.00403198	 0.00022793	 0.00000000	]]
0.503215622681264
[[1.13553525	 0.00000000	]
 [-1.58137154	 0.00000000	]
 [8.09067138	 0.00000000	]
 [1.12797106	 0.85304238	]]


1
0.5
[0, 3]
[98.69090538	 1.30909462	 0.00000000	]
[[0.03729997	 -0.01227844	 0.00209903	 0.03729997	]
 [-0.01227844	 0.06749615	 0.01517171	 -0.01227844	]
 [0.00209903	 0.01517171	 0.15340076	 0.00209903	]
 [0.03729997	 -0.01227844	 0.00209903	 0.03729997	]]
[[0.00000000	 0.00403198	 0.00022793	 0.00000000	]
 [0.00403198	 0.00000000	 0.00617722	 0.00403198	]
 [0.00022793	 0.00617722	 0.00000000	 0.00022793	]
 [0.00000000	 0.00403198	 0.00022793	 0.00000000	]]
0.21678842419751318
[[0.55833683	 0.00000000	]
 [-0.86818591	 0.00000000	]
 [-1.30483289	 0.00000000	]
 [0.50319953	 0.49677986	]]


1
0.1
[0, 3]
[100.00000000	 0.00000000	 0.00000000	]
[[0.03729997	 -0.01227844	 0.00209903	 0.03729997	]
 [-0.01227844	 0.06749615	 0.01517171	 -0.01227844	]
 [0.00209903	 0.01517171	 0.15340076	 0.00209903	]
 [0.03729997	 -0.01227844	 0.00209903	 0.03729997	]]
[[0.00000000	 0.00403198	 0.00022793	 0.00000000	]
 [0.00403198	 0.00000000	 0.00617722	 0.00403198	]
 [0.00022793	 0.00617722	 0.00000000	 0.00022793	]
 [0.00000000	 0.00403198	 0.00022793	 0.00000000	]]
0.06166711672078603
[[0.23410403	 0.00000000	]
 [7.98049034	 0.00000000	]
 [-3.93712470	 0.00000000	]
 [0.18959130	 0.25309117	]]


1
0.1
[0, 3]
[9.74264419	 0.25735581	 0.00000000	]
[[0.03729997	 -0.01227844	 0.00209903	 0.03729997	]
 [-0.01227844	 0.06749615	 0.01517171	 -0.01227844	]
 [0.00209903	 0.01517171	 0.15340076	 0.00209903	]
 [0.03729997	 -0.01227844	 0.00209903	 0.03729997	]]
[[0.00000000	 0.00403198	 0.00022793	 0.00000000	]
 [0.00403198	 0.00000000	 0.00617722	 0.00403198	]
 [0.00022793	 0.00617722	 0.00000000	 0.00022793	]
 [0.00000000	 0.00403198	 0.00022793	 0.00000000	]]
0.04965743488562575
[[0.50821175	 0.00000000	]
 [-0.97208100	 0.00000000	]
 [-0.95530197	 0.00000000	]
 [0.21035482	 0.23611618	]]


1
0.1
[0, 3]
[1.00000000	 0.00000000	 0.00000000	]
[[0.03729997	 -0.01227844	 0.00209903	 0.03729997	]
 [-0.01227844	 0.06749615	 0.01517171	 -0.01227844	]
 [0.00209903	 0.01517171	 0.15340076	 0.00209903	]
 [0.03729997	 -0.01227844	 0.00209903	 0.03729997	]]
[[0.00000000	 0.00403198	 0.00022793	 0.00000000	]
 [0.00403198	 0.00000000	 0.00617722	 0.00403198	]
 [0.00022793	 0.00617722	 0.00000000	 0.00022793	]
 [0.00000000	 0.00403198	 0.00022793	 0.00000000	]]
0.02954857321692811
[[0.83907434	 0.00000000	]
 [-0.98237072	 0.00000000	]
 [-16.43753778	 0.00000000	]
 [0.21914749	 0.22797890	]]


1
0.1
[0, 3]
[4.77436928	 0.22563072	 0.00000000	]
[[0.03729997	 -0.01227844	 0.00209903	 0.03729997	]
 [-0.01227844	 0.06749615	 0.01517171	 -0.01227844	]
 [0.00209903	 0.01517171	 0.15340076	 0.00209903	]
 [0.03729997	 -0.01227844	 0.00209903	 0.03729997	]]
[[0.00000000	 0.00403198	 0.00022793	 0.00000000	]
 [0.00403198	 0.00000000	 0.00617722	 0.00403198	]
 [0.00022793	 0.00617722	 0.00000000	 0.00022793	]
 [0.00000000	 0.00403198	 0.00022793	 0.00000000	]]
0.044408487393420494
[[0.62871519	 0.00000000	]
 [-0.95558963	 0.00000000	]
 [-1.00141513	 0.00000000	]
 [0.21428700	 0.23255339	]]


1
0.1
[0, 3]
[19.95708886	 0.04291114	 0.00000000	]
[[0.03729997	 -0.01227844	 0.00209903	 0.03729997	]
 [-0.01227844	 0.06749615	 0.01517171	 -0.01227844	]
